# This file was produced by bcftools stats (1.2+htslib-1.2.1) and can be plotted using plot-vcfstats.
# The command line was:	bcftools stats  data/gz/ALL.chr22.phase3_shapeit2_mvncall_integrated_v5a.20130502.genotypes.vcf.gz
#
# Definition of sets:
# ID	[2]id	[3]tab-separated file names
ID	0	data/gz/ALL.chr22.phase3_shapeit2_mvncall_integrated_v5a.20130502.genotypes.vcf.gz
# SN, Summary numbers:
# SN	[2]id	[3]key	[4]value
SN	0	number of samples:	2504
SN	0	number of records:	1103547
SN	0	number of SNPs:	1060388
SN	0	number of MNPs:	0
SN	0	number of indels:	43230
SN	0	number of others:	801
SN	0	number of multiallelic sites:	6348
SN	0	number of multiallelic SNP sites:	4063
# TSTV, transitions/transversions:
# TSTV	[2]id	[3]ts	[4]tv	[5]ts/tv	[6]ts (1st ALT)	[7]tv (1st ALT)	[8]ts/tv (1st ALT)
TSTV	0	750034	314468	2.39	748202	311941	2.40
# SiS, Singleton stats:
# SiS	[2]id	[3]allele count	[4]number of SNPs	[5]number of transitions	[6]number of transversions	[7]number of indels	[8]repeat-consistent	[9]repeat-inconsistent	[10]not applicable
SiS	0	1	453496	315387	138109	79	0	0	79
# AF, Stats by non-reference allele frequency:
# AF	[2]id	[3]allele frequency	[4]number of SNPs	[5]number of transitions	[6]number of transversions	[7]number of indels	[8]repeat-consistent	[9]repeat-inconsistent	[10]not applicable
AF	0	0.000000	579997	406752	173245	331	0	0	331
AF	0	0.039936	93481	67217	26264	6433	0	0	6433
AF	0	0.079872	45103	32004	13099	3221	0	0	3221
AF	0	0.119808	28463	20283	8180	2050	0	0	2050
AF	0	0.159744	21527	15275	6252	1522	0	0	1522
AF	0	0.199681	16392	11614	4778	1187	0	0	1187
AF	0	0.239617	12855	9123	3732	894	0	0	894
AF	0	0.279553	10987	7850	3137	798	0	0	798
AF	0	0.319489	9401	6619	2782	689	0	0	689
AF	0	0.359425	8306	5861	2445	646	0	0	646
AF	0	0.399361	7460	5298	2162	557	0	0	557
AF	0	0.439297	6336	4531	1805	492	0	0	492
AF	0	0.479233	5757	4031	1726	422	0	0	422
AF	0	0.519169	5469	3860	1609	420	0	0	420
AF	0	0.559105	4934	3444	1490	368	0	0	368
AF	0	0.599042	4422	3093	1329	347	0	0	347
AF	0	0.638978	4105	2847	1258	339	0	0	339
AF	0	0.678914	3991	2852	1139	330	0	0	330
AF	0	0.718850	3686	2578	1108	355	0	0	355
AF	0	0.758786	3365	2353	1012	259	0	0	259
AF	0	0.798722	2894	2002	892	273	0	0	273
AF	0	0.838658	2925	2050	875	244	0	0	244
AF	0	0.878594	2835	2050	785	235	0	0	235
AF	0	0.918530	2817	1994	823	231	0	0	231
AF	0	0.958466	2552	1835	717	196	0	0	196
AF	0	0.998403	2320	1655	665	204	0	0	204
AF	0	1.038339	2247	1572	675	191	0	0	191
AF	0	1.078275	2109	1492	617	167	0	0	167
AF	0	1.118211	2121	1482	639	154	0	0	154
AF	0	1.158147	1786	1242	544	139	0	0	139
AF	0	1.198083	1795	1193	602	162	0	0	162
AF	0	1.238019	1783	1244	539	145	0	0	145
AF	0	1.277955	1759	1253	506	140	0	0	140
AF	0	1.317891	1806	1288	518	161	0	0	161
AF	0	1.357827	1768	1267	501	152	0	0	152
AF	0	1.397764	1520	1087	433	140	0	0	140
AF	0	1.437700	1490	1061	429	124	0	0	124
AF	0	1.477636	1420	1025	395	127	0	0	127
AF	0	1.517572	1344	945	399	119	0	0	119
AF	0	1.557508	1325	925	400	120	0	0	120
AF	0	1.597444	1381	966	415	127	0	0	127
AF	0	1.637380	1214	872	342	103	0	0	103
AF	0	1.677316	1163	829	334	112	0	0	112
AF	0	1.717252	1141	790	351	107	0	0	107
AF	0	1.757188	1009	741	268	108	0	0	108
AF	0	1.797125	1008	715	293	93	0	0	93
AF	0	1.837061	970	681	289	79	0	0	79
AF	0	1.876997	941	643	298	82	0	0	82
AF	0	1.916933	867	626	241	85	0	0	85
AF	0	1.956869	983	661	322	79	0	0	79
AF	0	1.996805	1094	789	305	88	0	0	88
AF	0	2.036741	902	634	268	73	0	0	73
AF	0	2.076677	1107	774	333	115	0	0	115
AF	0	2.116613	857	596	261	68	0	0	68
AF	0	2.156550	903	628	275	91	0	0	91
AF	0	2.196486	826	608	218	76	0	0	76
AF	0	2.236422	859	588	271	66	0	0	66
AF	0	2.276358	761	546	215	67	0	0	67
AF	0	2.316294	758	550	208	64	0	0	64
AF	0	2.356230	723	519	204	73	0	0	73
AF	0	2.396166	703	504	199	57	0	0	57
AF	0	2.436102	657	460	197	77	0	0	77
AF	0	2.476038	667	459	208	52	0	0	52
AF	0	2.515974	549	373	176	62	0	0	62
AF	0	2.555911	636	457	179	64	0	0	64
AF	0	2.595847	631	462	169	76	0	0	76
AF	0	2.635783	590	408	182	67	0	0	67
AF	0	2.675719	655	448	207	69	0	0	69
AF	0	2.715655	521	380	141	54	0	0	54
AF	0	2.755591	534	368	166	54	0	0	54
AF	0	2.795527	627	449	178	51	0	0	51
AF	0	2.835463	553	389	164	46	0	0	46
AF	0	2.875399	638	436	202	58	0	0	58
AF	0	2.915335	552	399	153	57	0	0	57
AF	0	2.955272	553	393	160	57	0	0	57
AF	0	2.995208	537	388	149	48	0	0	48
AF	0	3.035144	543	378	165	54	0	0	54
AF	0	3.075080	501	356	145	34	0	0	34
AF	0	3.115016	565	401	164	51	0	0	51
AF	0	3.154952	489	358	131	46	0	0	46
AF	0	3.194888	394	289	105	44	0	0	44
AF	0	3.234824	420	291	129	30	0	0	30
AF	0	3.274760	362	263	99	44	0	0	44
AF	0	3.314696	411	296	115	42	0	0	42
AF	0	3.354633	449	292	157	55	0	0	55
AF	0	3.394569	507	347	160	50	0	0	50
AF	0	3.434505	482	336	146	57	0	0	57
AF	0	3.474441	432	312	120	34	0	0	34
AF	0	3.514377	401	292	109	41	0	0	41
AF	0	3.554313	449	322	127	34	0	0	34
AF	0	3.594249	359	242	117	33	0	0	33
AF	0	3.634185	342	225	117	33	0	0	33
AF	0	3.674121	387	277	110	41	0	0	41
AF	0	3.714058	390	266	124	36	0	0	36
AF	0	3.753994	366	247	119	42	0	0	42
AF	0	3.793930	389	264	125	47	0	0	47
AF	0	3.833866	394	271	123	37	0	0	37
AF	0	3.873802	335	248	87	39	0	0	39
AF	0	3.913738	374	268	106	29	0	0	29
AF	0	3.953674	374	258	116	40	0	0	40
AF	0	3.993610	407	283	124	51	0	0	51
AF	0	4.033546	363	263	100	41	0	0	41
AF	0	4.073482	359	264	95	32	0	0	32
AF	0	4.113419	321	241	80	38	0	0	38
AF	0	4.153355	380	255	125	30	0	0	30
AF	0	4.193291	302	223	79	41	0	0	41
AF	0	4.233227	395	273	122	37	0	0	37
AF	0	4.273163	335	234	101	33	0	0	33
AF	0	4.313099	281	192	89	36	0	0	36
AF	0	4.353035	336	238	98	35	0	0	35
AF	0	4.392971	359	255	104	35	0	0	35
AF	0	4.432907	331	235	96	32	0	0	32
AF	0	4.472843	361	258	103	36	0	0	36
AF	0	4.512780	311	218	93	34	0	0	34
AF	0	4.552716	344	234	110	31	0	0	31
AF	0	4.592652	382	265	117	34	0	0	34
AF	0	4.632588	356	236	120	36	0	0	36
AF	0	4.672524	279	191	88	27	0	0	27
AF	0	4.712460	302	213	89	24	0	0	24
AF	0	4.752396	278	193	85	35	0	0	35
AF	0	4.792332	346	235	111	21	0	0	21
AF	0	4.832268	278	199	79	25	0	0	25
AF	0	4.872204	272	194	78	40	0	0	40
AF	0	4.912141	306	222	84	33	0	0	33
AF	0	4.952077	302	225	77	42	0	0	42
AF	0	4.992013	329	228	101	24	0	0	24
AF	0	5.031949	283	214	69	38	0	0	38
AF	0	5.071885	307	213	94	36	0	0	36
AF	0	5.111821	304	215	89	29	0	0	29
AF	0	5.151757	240	177	63	26	0	0	26
AF	0	5.191693	258	188	70	28	0	0	28
AF	0	5.231629	222	156	66	22	0	0	22
AF	0	5.271565	223	141	82	20	0	0	20
AF	0	5.311502	253	185	68	30	0	0	30
AF	0	5.351438	207	138	69	24	0	0	24
AF	0	5.391374	283	205	78	34	0	0	34
AF	0	5.431310	210	149	61	21	0	0	21
AF	0	5.471246	241	160	81	25	0	0	25
AF	0	5.511182	243	171	72	20	0	0	20
AF	0	5.551118	265	195	70	33	0	0	33
AF	0	5.591054	228	146	82	35	0	0	35
AF	0	5.630990	227	147	80	33	0	0	33
AF	0	5.670927	262	189	73	22	0	0	22
AF	0	5.710863	256	178	78	27	0	0	27
AF	0	5.750799	230	161	69	13	0	0	13
AF	0	5.790735	245	168	77	23	0	0	23
AF	0	5.830671	271	186	85	28	0	0	28
AF	0	5.870607	243	165	78	32	0	0	32
AF	0	5.910543	228	163	65	15	0	0	15
AF	0	5.950479	254	168	86	30	0	0	30
AF	0	5.990415	188	140	48	13	0	0	13
AF	0	6.030351	235	175	60	33	0	0	33
AF	0	6.070288	212	162	50	22	0	0	22
AF	0	6.110224	225	152	73	20	0	0	20
AF	0	6.150160	233	163	70	27	0	0	27
AF	0	6.190096	244	176	68	19	0	0	19
AF	0	6.230032	199	141	58	18	0	0	18
AF	0	6.269968	185	125	60	18	0	0	18
AF	0	6.309904	224	150	74	25	0	0	25
AF	0	6.349840	219	156	63	23	0	0	23
AF	0	6.389776	200	148	52	34	0	0	34
AF	0	6.429712	205	136	69	21	0	0	21
AF	0	6.469649	203	140	63	21	0	0	21
AF	0	6.509585	235	165	70	19	0	0	19
AF	0	6.549521	166	111	55	16	0	0	16
AF	0	6.589457	205	136	69	23	0	0	23
AF	0	6.629393	219	150	69	16	0	0	16
AF	0	6.669329	247	175	72	36	0	0	36
AF	0	6.709265	256	173	83	21	0	0	21
AF	0	6.749201	181	132	49	24	0	0	24
AF	0	6.789137	225	158	67	18	0	0	18
AF	0	6.829073	185	135	50	28	0	0	28
AF	0	6.869010	155	99	56	17	0	0	17
AF	0	6.908946	187	143	44	25	0	0	25
AF	0	6.948882	183	128	55	22	0	0	22
AF	0	6.988818	192	131	61	22	0	0	22
AF	0	7.028754	207	150	57	26	0	0	26
AF	0	7.068690	217	140	77	17	0	0	17
AF	0	7.108626	255	180	75	28	0	0	28
AF	0	7.148562	170	125	45	19	0	0	19
AF	0	7.188498	190	133	57	18	0	0	18
AF	0	7.228435	189	130	59	15	0	0	15
AF	0	7.268371	178	126	52	17	0	0	17
AF	0	7.308307	165	116	49	17	0	0	17
AF	0	7.348243	147	110	37	17	0	0	17
AF	0	7.388179	153	101	52	16	0	0	16
AF	0	7.428115	176	131	45	20	0	0	20
AF	0	7.468051	168	136	32	28	0	0	28
AF	0	7.507987	140	101	39	20	0	0	20
AF	0	7.547923	249	178	71	16	0	0	16
AF	0	7.587859	157	111	46	18	0	0	18
AF	0	7.627796	172	123	49	19	0	0	19
AF	0	7.667732	147	101	46	11	0	0	11
AF	0	7.707668	147	119	28	21	0	0	21
AF	0	7.747604	174	129	45	17	0	0	17
AF	0	7.787540	146	106	40	15	0	0	15
AF	0	7.827476	140	94	46	13	0	0	13
AF	0	7.867412	149	102	47	26	0	0	26
AF	0	7.907348	153	111	42	15	0	0	15
AF	0	7.947284	167	119	48	7	0	0	7
AF	0	7.987220	177	138	39	17	0	0	17
AF	0	8.027157	152	106	46	16	0	0	16
AF	0	8.067093	135	86	49	13	0	0	13
AF	0	8.107029	157	111	46	17	0	0	17
AF	0	8.146965	146	95	51	21	0	0	21
AF	0	8.186901	150	110	40	12	0	0	12
AF	0	8.226837	125	97	28	17	0	0	17
AF	0	8.266773	129	85	44	19	0	0	19
AF	0	8.306709	132	95	37	12	0	0	12
AF	0	8.346645	148	99	49	16	0	0	16
AF	0	8.386581	156	105	51	23	0	0	23
AF	0	8.426518	143	103	40	20	0	0	20
AF	0	8.466454	142	110	32	19	0	0	19
AF	0	8.506390	135	102	33	19	0	0	19
AF	0	8.546326	180	129	51	13	0	0	13
AF	0	8.586262	150	114	36	21	0	0	21
AF	0	8.626198	144	99	45	15	0	0	15
AF	0	8.666134	124	80	44	15	0	0	15
AF	0	8.706070	141	95	46	15	0	0	15
AF	0	8.746006	138	95	43	12	0	0	12
AF	0	8.785942	129	95	34	6	0	0	6
AF	0	8.825879	148	102	46	19	0	0	19
AF	0	8.865815	126	94	32	16	0	0	16
AF	0	8.905751	136	98	38	13	0	0	13
AF	0	8.945687	137	94	43	12	0	0	12
AF	0	8.985623	163	113	50	21	0	0	21
AF	0	9.025559	175	115	60	14	0	0	14
AF	0	9.065495	137	105	32	9	0	0	9
AF	0	9.105431	137	91	46	21	0	0	21
AF	0	9.145367	150	101	49	15	0	0	15
AF	0	9.185304	151	111	40	21	0	0	21
AF	0	9.225240	133	97	36	14	0	0	14
AF	0	9.265176	115	75	40	13	0	0	13
AF	0	9.305112	129	84	45	18	0	0	18
AF	0	9.345048	125	87	38	12	0	0	12
AF	0	9.384984	132	99	33	21	0	0	21
AF	0	9.424920	131	95	36	26	0	0	26
AF	0	9.464856	120	77	43	14	0	0	14
AF	0	9.504792	141	102	39	18	0	0	18
AF	0	9.544728	145	106	39	8	0	0	8
AF	0	9.584665	121	85	36	19	0	0	19
AF	0	9.624601	154	113	41	30	0	0	30
AF	0	9.664537	100	72	28	11	0	0	11
AF	0	9.704473	127	91	36	15	0	0	15
AF	0	9.744409	103	73	30	20	0	0	20
AF	0	9.784345	147	96	51	23	0	0	23
AF	0	9.824281	133	99	34	11	0	0	11
AF	0	9.864217	117	84	33	17	0	0	17
AF	0	9.904153	118	83	35	6	0	0	6
AF	0	9.944089	121	84	37	15	0	0	15
AF	0	9.984026	110	69	41	17	0	0	17
AF	0	10.023962	105	67	38	18	0	0	18
AF	0	10.063898	143	98	45	17	0	0	17
AF	0	10.103834	117	73	44	19	0	0	19
AF	0	10.143770	103	74	29	6	0	0	6
AF	0	10.183706	105	81	24	14	0	0	14
AF	0	10.223642	110	72	38	10	0	0	10
AF	0	10.263578	121	82	39	14	0	0	14
AF	0	10.303514	105	70	35	16	0	0	16
AF	0	10.343450	100	71	29	15	0	0	15
AF	0	10.383387	113	83	30	16	0	0	16
AF	0	10.423323	134	98	36	20	0	0	20
AF	0	10.463259	115	71	44	10	0	0	10
AF	0	10.503195	116	79	37	14	0	0	14
AF	0	10.543131	137	97	40	12	0	0	12
AF	0	10.583067	98	72	26	17	0	0	17
AF	0	10.623003	114	74	40	19	0	0	19
AF	0	10.662939	108	74	34	19	0	0	19
AF	0	10.702875	98	70	28	12	0	0	12
AF	0	10.742812	123	87	36	17	0	0	17
AF	0	10.782748	119	99	20	14	0	0	14
AF	0	10.822684	130	90	40	12	0	0	12
AF	0	10.862620	106	72	34	9	0	0	9
AF	0	10.902556	107	78	29	20	0	0	20
AF	0	10.942492	107	79	28	17	0	0	17
AF	0	10.982428	99	71	28	13	0	0	13
AF	0	11.022364	92	68	24	14	0	0	14
AF	0	11.062300	112	80	32	13	0	0	13
AF	0	11.102236	100	64	36	11	0	0	11
AF	0	11.142173	94	60	34	14	0	0	14
AF	0	11.182109	105	78	27	11	0	0	11
AF	0	11.222045	111	73	38	15	0	0	15
AF	0	11.261981	116	85	31	12	0	0	12
AF	0	11.301917	84	55	29	16	0	0	16
AF	0	11.341853	84	62	22	12	0	0	12
AF	0	11.381789	100	70	30	9	0	0	9
AF	0	11.421725	103	69	34	21	0	0	21
AF	0	11.461661	109	71	38	8	0	0	8
AF	0	11.501597	93	70	23	15	0	0	15
AF	0	11.541534	103	74	29	14	0	0	14
AF	0	11.581470	91	65	26	24	0	0	24
AF	0	11.621406	71	51	20	13	0	0	13
AF	0	11.661342	85	58	27	15	0	0	15
AF	0	11.701278	83	55	28	4	0	0	4
AF	0	11.741214	92	67	25	18	0	0	18
AF	0	11.781150	122	89	33	19	0	0	19
AF	0	11.821086	123	92	31	16	0	0	16
AF	0	11.861022	121	98	23	12	0	0	12
AF	0	11.900958	80	57	23	11	0	0	11
AF	0	11.940895	87	64	23	12	0	0	12
AF	0	11.980831	122	89	33	15	0	0	15
AF	0	12.020767	102	78	24	10	0	0	10
AF	0	12.060703	85	61	24	8	0	0	8
AF	0	12.100639	78	55	23	8	0	0	8
AF	0	12.140575	65	35	30	12	0	0	12
AF	0	12.180511	68	49	19	10	0	0	10
AF	0	12.220447	83	60	23	14	0	0	14
AF	0	12.260383	94	65	29	13	0	0	13
AF	0	12.300319	95	64	31	15	0	0	15
AF	0	12.340256	92	63	29	18	0	0	18
AF	0	12.380192	101	69	32	14	0	0	14
AF	0	12.420128	96	67	29	15	0	0	15
AF	0	12.460064	71	48	23	14	0	0	14
AF	0	12.500000	78	48	30	9	0	0	9
AF	0	12.539936	85	58	27	10	0	0	10
AF	0	12.579872	71	51	20	14	0	0	14
AF	0	12.619808	103	63	40	12	0	0	12
AF	0	12.659744	87	59	28	14	0	0	14
AF	0	12.699681	93	66	27	9	0	0	9
AF	0	12.739617	82	56	26	7	0	0	7
AF	0	12.779553	81	54	27	9	0	0	9
AF	0	12.819489	89	60	29	12	0	0	12
AF	0	12.859425	111	86	25	22	0	0	22
AF	0	12.899361	92	71	21	12	0	0	12
AF	0	12.939297	96	69	27	13	0	0	13
AF	0	12.979233	84	57	27	8	0	0	8
AF	0	13.019169	89	62	27	14	0	0	14
AF	0	13.059105	102	65	37	16	0	0	16
AF	0	13.099042	166	119	47	17	0	0	17
AF	0	13.138978	126	94	32	14	0	0	14
AF	0	13.178914	74	55	19	14	0	0	14
AF	0	13.218850	82	60	22	18	0	0	18
AF	0	13.258786	95	64	31	12	0	0	12
AF	0	13.298722	78	61	17	11	0	0	11
AF	0	13.338658	90	64	26	13	0	0	13
AF	0	13.378594	109	83	26	12	0	0	12
AF	0	13.418530	94	72	22	14	0	0	14
AF	0	13.458466	88	60	28	13	0	0	13
AF	0	13.498403	81	57	24	13	0	0	13
AF	0	13.538339	86	54	32	12	0	0	12
AF	0	13.578275	106	70	36	9	0	0	9
AF	0	13.618211	82	55	27	11	0	0	11
AF	0	13.658147	68	48	20	10	0	0	10
AF	0	13.698083	75	59	16	7	0	0	7
AF	0	13.738019	102	82	20	16	0	0	16
AF	0	13.777955	83	57	26	12	0	0	12
AF	0	13.817891	112	84	28	17	0	0	17
AF	0	13.857827	115	81	34	7	0	0	7
AF	0	13.897764	91	63	28	23	0	0	23
AF	0	13.937700	83	58	25	15	0	0	15
AF	0	13.977636	70	59	11	12	0	0	12
AF	0	14.017572	99	66	33	16	0	0	16
AF	0	14.057508	80	60	20	10	0	0	10
AF	0	14.097444	78	50	28	9	0	0	9
AF	0	14.137380	81	56	25	11	0	0	11
AF	0	14.177316	76	57	19	14	0	0	14
AF	0	14.217252	103	75	28	8	0	0	8
AF	0	14.257188	71	46	25	11	0	0	11
AF	0	14.297125	82	59	23	20	0	0	20
AF	0	14.337061	86	63	23	15	0	0	15
AF	0	14.376997	94	62	32	17	0	0	17
AF	0	14.416933	116	78	38	12	0	0	12
AF	0	14.456869	92	64	28	12	0	0	12
AF	0	14.496805	83	57	26	17	0	0	17
AF	0	14.536741	106	76	30	20	0	0	20
AF	0	14.576677	83	63	20	12	0	0	12
AF	0	14.616613	132	95	37	24	0	0	24
AF	0	14.656550	104	78	26	11	0	0	11
AF	0	14.696486	80	59	21	7	0	0	7
AF	0	14.736422	105	75	30	6	0	0	6
AF	0	14.776358	97	65	32	14	0	0	14
AF	0	14.816294	101	72	29	9	0	0	9
AF	0	14.856230	65	37	28	12	0	0	12
AF	0	14.896166	113	77	36	15	0	0	15
AF	0	14.936102	92	66	26	13	0	0	13
AF	0	14.976038	92	69	23	7	0	0	7
AF	0	15.015974	90	60	30	7	0	0	7
AF	0	15.055911	73	43	30	11	0	0	11
AF	0	15.095847	87	68	19	15	0	0	15
AF	0	15.135783	73	55	18	8	0	0	8
AF	0	15.175719	88	65	23	15	0	0	15
AF	0	15.215655	73	54	19	10	0	0	10
AF	0	15.255591	91	59	32	9	0	0	9
AF	0	15.295527	110	84	26	15	0	0	15
AF	0	15.335463	146	105	41	24	0	0	24
AF	0	15.375399	84	53	31	15	0	0	15
AF	0	15.415335	92	59	33	14	0	0	14
AF	0	15.455272	77	46	31	7	0	0	7
AF	0	15.495208	73	54	19	15	0	0	15
AF	0	15.535144	73	55	18	10	0	0	10
AF	0	15.575080	80	57	23	12	0	0	12
AF	0	15.615016	83	57	26	8	0	0	8
AF	0	15.654952	90	64	26	13	0	0	13
AF	0	15.694888	67	51	16	11	0	0	11
AF	0	15.734824	61	44	17	20	0	0	20
AF	0	15.774760	71	51	20	16	0	0	16
AF	0	15.814696	71	50	21	16	0	0	16
AF	0	15.854633	82	59	23	13	0	0	13
AF	0	15.894569	75	54	21	17	0	0	17
AF	0	15.934505	86	59	27	21	0	0	21
AF	0	15.974441	93	63	30	7	0	0	7
AF	0	16.014377	92	65	27	9	0	0	9
AF	0	16.054313	74	47	27	2	0	0	2
AF	0	16.094249	104	78	26	14	0	0	14
AF	0	16.134185	118	84	34	13	0	0	13
AF	0	16.174121	96	63	33	11	0	0	11
AF	0	16.214058	109	79	30	21	0	0	21
AF	0	16.253994	102	77	25	22	0	0	22
AF	0	16.293930	106	79	27	15	0	0	15
AF	0	16.333866	86	60	26	8	0	0	8
AF	0	16.373802	89	68	21	13	0	0	13
AF	0	16.413738	84	58	26	15	0	0	15
AF	0	16.453674	103	73	30	14	0	0	14
AF	0	16.493610	94	65	29	12	0	0	12
AF	0	16.533546	79	54	25	21	0	0	21
AF	0	16.573482	96	69	27	6	0	0	6
AF	0	16.613419	54	40	14	7	0	0	7
AF	0	16.653355	73	54	19	13	0	0	13
AF	0	16.693291	68	45	23	8	0	0	8
AF	0	16.733227	74	51	23	8	0	0	8
AF	0	16.773163	76	55	21	12	0	0	12
AF	0	16.813099	66	42	24	12	0	0	12
AF	0	16.853035	81	58	23	8	0	0	8
AF	0	16.892971	82	55	27	11	0	0	11
AF	0	16.932907	62	46	16	9	0	0	9
AF	0	16.972843	63	45	18	12	0	0	12
AF	0	17.012780	73	55	18	11	0	0	11
AF	0	17.052716	58	41	17	8	0	0	8
AF	0	17.092652	87	59	28	9	0	0	9
AF	0	17.132588	63	45	18	6	0	0	6
AF	0	17.172524	63	44	19	10	0	0	10
AF	0	17.212460	62	44	18	15	0	0	15
AF	0	17.252396	65	39	26	15	0	0	15
AF	0	17.292332	72	50	22	9	0	0	9
AF	0	17.332268	63	41	22	10	0	0	10
AF	0	17.372204	69	50	19	7	0	0	7
AF	0	17.412141	74	42	32	11	0	0	11
AF	0	17.452077	81	57	24	15	0	0	15
AF	0	17.492013	46	36	10	7	0	0	7
AF	0	17.531949	97	68	29	14	0	0	14
AF	0	17.571885	73	59	14	17	0	0	17
AF	0	17.611821	69	56	13	8	0	0	8
AF	0	17.651757	68	46	22	12	0	0	12
AF	0	17.691693	72	45	27	13	0	0	13
AF	0	17.731629	64	42	22	8	0	0	8
AF	0	17.771565	80	59	21	9	0	0	9
AF	0	17.811502	72	57	15	10	0	0	10
AF	0	17.851438	73	50	23	15	0	0	15
AF	0	17.891374	67	46	21	11	0	0	11
AF	0	17.931310	81	55	26	11	0	0	11
AF	0	17.971246	84	55	29	13	0	0	13
AF	0	18.011182	83	56	27	11	0	0	11
AF	0	18.051118	59	38	21	16	0	0	16
AF	0	18.091054	52	39	13	15	0	0	15
AF	0	18.130990	64	42	22	14	0	0	14
AF	0	18.170927	93	74	19	9	0	0	9
AF	0	18.210863	65	41	24	16	0	0	16
AF	0	18.250799	57	36	21	9	0	0	9
AF	0	18.290735	65	46	19	10	0	0	10
AF	0	18.330671	88	63	25	12	0	0	12
AF	0	18.370607	60	39	21	10	0	0	10
AF	0	18.410543	57	41	16	9	0	0	9
AF	0	18.450479	65	41	24	11	0	0	11
AF	0	18.490415	48	35	13	14	0	0	14
AF	0	18.530351	68	50	18	17	0	0	17
AF	0	18.570288	54	46	8	18	0	0	18
AF	0	18.610224	60	47	13	11	0	0	11
AF	0	18.650160	44	30	14	8	0	0	8
AF	0	18.690096	59	46	13	12	0	0	12
AF	0	18.730032	59	41	18	16	0	0	16
AF	0	18.769968	54	37	17	7	0	0	7
AF	0	18.809904	49	37	12	10	0	0	10
AF	0	18.849840	54	33	21	9	0	0	9
AF	0	18.889776	61	39	22	9	0	0	9
AF	0	18.929712	62	42	20	7	0	0	7
AF	0	18.969649	54	39	15	9	0	0	9
AF	0	19.009585	52	35	17	9	0	0	9
AF	0	19.049521	53	43	10	11	0	0	11
AF	0	19.089457	64	42	22	14	0	0	14
AF	0	19.129393	61	43	18	15	0	0	15
AF	0	19.169329	70	37	33	3	0	0	3
AF	0	19.209265	44	29	15	4	0	0	4
AF	0	19.249201	53	43	10	7	0	0	7
AF	0	19.289137	63	39	24	10	0	0	10
AF	0	19.329073	50	32	18	15	0	0	15
AF	0	19.369010	63	46	17	6	0	0	6
AF	0	19.408946	80	55	25	14	0	0	14
AF	0	19.448882	69	38	31	9	0	0	9
AF	0	19.488818	47	33	14	6	0	0	6
AF	0	19.528754	61	45	16	8	0	0	8
AF	0	19.568690	54	41	13	10	0	0	10
AF	0	19.608626	52	39	13	12	0	0	12
AF	0	19.648562	56	44	12	7	0	0	7
AF	0	19.688498	67	50	17	5	0	0	5
AF	0	19.728435	59	50	9	5	0	0	5
AF	0	19.768371	59	48	11	16	0	0	16
AF	0	19.808307	69	43	26	14	0	0	14
AF	0	19.848243	74	48	26	11	0	0	11
AF	0	19.888179	62	45	17	8	0	0	8
AF	0	19.928115	65	54	11	9	0	0	9
AF	0	19.968051	59	43	16	15	0	0	15
AF	0	20.007987	53	37	16	13	0	0	13
AF	0	20.047923	52	38	14	14	0	0	14
AF	0	20.087859	52	33	19	11	0	0	11
AF	0	20.127796	62	46	16	12	0	0	12
AF	0	20.167732	48	31	17	8	0	0	8
AF	0	20.207668	62	47	15	10	0	0	10
AF	0	20.247604	69	47	22	10	0	0	10
AF	0	20.287540	69	47	22	14	0	0	14
AF	0	20.327476	52	39	13	5	0	0	5
AF	0	20.367412	47	36	11	11	0	0	11
AF	0	20.407348	63	44	19	7	0	0	7
AF	0	20.447284	59	46	13	10	0	0	10
AF	0	20.487220	69	51	18	7	0	0	7
AF	0	20.527157	72	44	28	11	0	0	11
AF	0	20.567093	63	43	20	10	0	0	10
AF	0	20.607029	58	44	14	6	0	0	6
AF	0	20.646965	59	41	18	5	0	0	5
AF	0	20.686901	50	36	14	7	0	0	7
AF	0	20.726837	57	36	21	7	0	0	7
AF	0	20.766773	62	41	21	9	0	0	9
AF	0	20.806709	77	51	26	8	0	0	8
AF	0	20.846645	77	55	22	6	0	0	6
AF	0	20.886581	83	60	23	3	0	0	3
AF	0	20.926518	87	64	23	13	0	0	13
AF	0	20.966454	75	50	25	10	0	0	10
AF	0	21.006390	74	49	25	5	0	0	5
AF	0	21.046326	63	46	17	14	0	0	14
AF	0	21.086262	75	54	21	13	0	0	13
AF	0	21.126198	65	46	19	11	0	0	11
AF	0	21.166134	62	35	27	10	0	0	10
AF	0	21.206070	53	37	16	13	0	0	13
AF	0	21.246006	78	57	21	9	0	0	9
AF	0	21.285942	71	55	16	15	0	0	15
AF	0	21.325879	56	44	12	12	0	0	12
AF	0	21.365815	60	35	25	11	0	0	11
AF	0	21.405751	64	42	22	7	0	0	7
AF	0	21.445687	50	31	19	4	0	0	4
AF	0	21.485623	70	48	22	6	0	0	6
AF	0	21.525559	62	42	20	9	0	0	9
AF	0	21.565495	62	38	24	11	0	0	11
AF	0	21.605431	75	45	30	8	0	0	8
AF	0	21.645367	62	34	28	8	0	0	8
AF	0	21.685304	50	32	18	13	0	0	13
AF	0	21.725240	73	50	23	8	0	0	8
AF	0	21.765176	75	56	19	11	0	0	11
AF	0	21.805112	52	36	16	16	0	0	16
AF	0	21.845048	50	30	20	7	0	0	7
AF	0	21.884984	68	43	25	10	0	0	10
AF	0	21.924920	68	47	21	15	0	0	15
AF	0	21.964856	79	46	33	6	0	0	6
AF	0	22.004792	55	40	15	15	0	0	15
AF	0	22.044728	81	67	14	13	0	0	13
AF	0	22.084665	59	42	17	10	0	0	10
AF	0	22.124601	63	37	26	5	0	0	5
AF	0	22.164537	52	31	21	9	0	0	9
AF	0	22.204473	84	66	18	15	0	0	15
AF	0	22.244409	61	37	24	13	0	0	13
AF	0	22.284345	54	38	16	14	0	0	14
AF	0	22.324281	75	64	11	11	0	0	11
AF	0	22.364217	61	37	24	5	0	0	5
AF	0	22.404153	60	35	25	11	0	0	11
AF	0	22.444089	57	35	22	8	0	0	8
AF	0	22.484026	78	56	22	5	0	0	5
AF	0	22.523962	72	57	15	11	0	0	11
AF	0	22.563898	70	54	16	12	0	0	12
AF	0	22.603834	61	48	13	9	0	0	9
AF	0	22.643770	61	47	14	5	0	0	5
AF	0	22.683706	53	34	19	5	0	0	5
AF	0	22.723642	53	39	14	9	0	0	9
AF	0	22.763578	50	33	17	7	0	0	7
AF	0	22.803514	61	34	27	9	0	0	9
AF	0	22.843450	54	36	18	8	0	0	8
AF	0	22.883387	54	39	15	10	0	0	10
AF	0	22.923323	48	32	16	8	0	0	8
AF	0	22.963259	36	27	9	11	0	0	11
AF	0	23.003195	52	37	15	12	0	0	12
AF	0	23.043131	58	40	18	5	0	0	5
AF	0	23.083067	58	35	23	15	0	0	15
AF	0	23.123003	35	23	12	10	0	0	10
AF	0	23.162939	45	31	14	16	0	0	16
AF	0	23.202875	45	31	14	11	0	0	11
AF	0	23.242812	48	36	12	8	0	0	8
AF	0	23.282748	57	40	17	11	0	0	11
AF	0	23.322684	54	36	18	9	0	0	9
AF	0	23.362620	44	32	12	13	0	0	13
AF	0	23.402556	43	27	16	12	0	0	12
AF	0	23.442492	45	27	18	6	0	0	6
AF	0	23.482428	43	30	13	9	0	0	9
AF	0	23.522364	43	28	15	7	0	0	7
AF	0	23.562300	44	38	6	5	0	0	5
AF	0	23.602236	49	33	16	8	0	0	8
AF	0	23.642173	52	40	12	9	0	0	9
AF	0	23.682109	59	46	13	14	0	0	14
AF	0	23.722045	57	41	16	11	0	0	11
AF	0	23.761981	60	40	20	8	0	0	8
AF	0	23.801917	47	36	11	13	0	0	13
AF	0	23.841853	63	40	23	6	0	0	6
AF	0	23.881789	61	46	15	12	0	0	12
AF	0	23.921725	45	31	14	8	0	0	8
AF	0	23.961661	70	47	23	6	0	0	6
AF	0	24.001597	66	48	18	9	0	0	9
AF	0	24.041534	48	37	11	5	0	0	5
AF	0	24.081470	60	43	17	5	0	0	5
AF	0	24.121406	42	35	7	8	0	0	8
AF	0	24.161342	47	33	14	12	0	0	12
AF	0	24.201278	64	48	16	6	0	0	6
AF	0	24.241214	54	38	16	7	0	0	7
AF	0	24.281150	41	29	12	10	0	0	10
AF	0	24.321086	49	36	13	7	0	0	7
AF	0	24.361022	42	32	10	7	0	0	7
AF	0	24.400958	49	39	10	8	0	0	8
AF	0	24.440895	51	34	17	7	0	0	7
AF	0	24.480831	43	27	16	9	0	0	9
AF	0	24.520767	69	51	18	7	0	0	7
AF	0	24.560703	70	43	27	14	0	0	14
AF	0	24.600639	88	63	25	22	0	0	22
AF	0	24.640575	75	57	18	12	0	0	12
AF	0	24.680511	63	42	21	6	0	0	6
AF	0	24.720447	74	49	25	7	0	0	7
AF	0	24.760383	75	53	22	18	0	0	18
AF	0	24.800319	50	32	18	7	0	0	7
AF	0	24.840256	54	43	11	9	0	0	9
AF	0	24.880192	54	33	21	10	0	0	10
AF	0	24.920128	48	32	16	14	0	0	14
AF	0	24.960064	68	40	28	9	0	0	9
AF	0	25.000000	54	39	15	7	0	0	7
AF	0	25.039936	79	51	28	11	0	0	11
AF	0	25.079872	50	37	13	7	0	0	7
AF	0	25.119808	52	32	20	11	0	0	11
AF	0	25.159744	45	33	12	7	0	0	7
AF	0	25.199681	53	35	18	5	0	0	5
AF	0	25.239617	41	27	14	7	0	0	7
AF	0	25.279553	55	36	19	6	0	0	6
AF	0	25.319489	43	27	16	11	0	0	11
AF	0	25.359425	45	25	20	11	0	0	11
AF	0	25.399361	50	35	15	9	0	0	9
AF	0	25.439297	47	32	15	9	0	0	9
AF	0	25.479233	53	38	15	7	0	0	7
AF	0	25.519169	56	40	16	10	0	0	10
AF	0	25.559105	47	39	8	7	0	0	7
AF	0	25.599042	30	23	7	9	0	0	9
AF	0	25.638978	45	31	14	7	0	0	7
AF	0	25.678914	57	43	14	4	0	0	4
AF	0	25.718850	51	38	13	10	0	0	10
AF	0	25.758786	54	35	19	5	0	0	5
AF	0	25.798722	43	29	14	9	0	0	9
AF	0	25.838658	46	38	8	8	0	0	8
AF	0	25.878594	51	34	17	6	0	0	6
AF	0	25.918530	74	42	32	11	0	0	11
AF	0	25.958466	58	39	19	7	0	0	7
AF	0	25.998403	46	29	17	10	0	0	10
AF	0	26.038339	43	34	9	7	0	0	7
AF	0	26.078275	52	42	10	7	0	0	7
AF	0	26.118211	48	34	14	9	0	0	9
AF	0	26.158147	57	43	14	9	0	0	9
AF	0	26.198083	74	48	26	9	0	0	9
AF	0	26.238019	50	37	13	6	0	0	6
AF	0	26.277955	42	30	12	12	0	0	12
AF	0	26.317891	60	39	21	11	0	0	11
AF	0	26.357827	60	47	13	11	0	0	11
AF	0	26.397764	65	48	17	18	0	0	18
AF	0	26.437700	56	39	17	8	0	0	8
AF	0	26.477636	56	36	20	4	0	0	4
AF	0	26.517572	51	34	17	10	0	0	10
AF	0	26.557508	46	32	14	12	0	0	12
AF	0	26.597444	66	48	18	9	0	0	9
AF	0	26.637380	53	43	10	12	0	0	12
AF	0	26.677316	52	34	18	5	0	0	5
AF	0	26.717252	59	41	18	9	0	0	9
AF	0	26.757188	45	28	17	8	0	0	8
AF	0	26.797125	63	38	25	8	0	0	8
AF	0	26.837061	53	36	17	10	0	0	10
AF	0	26.876997	38	28	10	10	0	0	10
AF	0	26.916933	52	46	6	5	0	0	5
AF	0	26.956869	56	38	18	12	0	0	12
AF	0	26.996805	57	36	21	6	0	0	6
AF	0	27.036741	42	28	14	6	0	0	6
AF	0	27.076677	51	38	13	8	0	0	8
AF	0	27.116613	43	31	12	11	0	0	11
AF	0	27.156550	50	41	9	10	0	0	10
AF	0	27.196486	42	27	15	8	0	0	8
AF	0	27.236422	55	41	14	4	0	0	4
AF	0	27.276358	49	33	16	6	0	0	6
AF	0	27.316294	46	32	14	10	0	0	10
AF	0	27.356230	59	45	14	11	0	0	11
AF	0	27.396166	55	40	15	14	0	0	14
AF	0	27.436102	59	40	19	8	0	0	8
AF	0	27.476038	60	38	22	10	0	0	10
AF	0	27.515974	71	52	19	12	0	0	12
AF	0	27.555911	50	33	17	7	0	0	7
AF	0	27.595847	50	33	17	10	0	0	10
AF	0	27.635783	47	31	16	10	0	0	10
AF	0	27.675719	36	26	10	11	0	0	11
AF	0	27.715655	55	39	16	10	0	0	10
AF	0	27.755591	49	34	15	6	0	0	6
AF	0	27.795527	52	37	15	11	0	0	11
AF	0	27.835463	40	31	9	11	0	0	11
AF	0	27.875399	40	29	11	7	0	0	7
AF	0	27.915335	55	39	16	13	0	0	13
AF	0	27.955272	59	45	14	9	0	0	9
AF	0	27.995208	44	32	12	13	0	0	13
AF	0	28.035144	50	32	18	5	0	0	5
AF	0	28.075080	37	23	14	6	0	0	6
AF	0	28.115016	46	36	10	12	0	0	12
AF	0	28.154952	95	64	31	9	0	0	9
AF	0	28.194888	53	34	19	6	0	0	6
AF	0	28.234824	51	34	17	15	0	0	15
AF	0	28.274760	41	32	9	9	0	0	9
AF	0	28.314696	52	39	13	9	0	0	9
AF	0	28.354633	46	29	17	11	0	0	11
AF	0	28.394569	41	32	9	9	0	0	9
AF	0	28.434505	40	34	6	12	0	0	12
AF	0	28.474441	80	54	26	9	0	0	9
AF	0	28.514377	76	55	21	8	0	0	8
AF	0	28.554313	64	51	13	9	0	0	9
AF	0	28.594249	58	42	16	10	0	0	10
AF	0	28.634185	65	49	16	10	0	0	10
AF	0	28.674121	60	39	21	6	0	0	6
AF	0	28.714058	48	32	16	14	0	0	14
AF	0	28.753994	50	38	12	8	0	0	8
AF	0	28.793930	51	36	15	7	0	0	7
AF	0	28.833866	49	36	13	12	0	0	12
AF	0	28.873802	38	26	12	14	0	0	14
AF	0	28.913738	48	34	14	10	0	0	10
AF	0	28.953674	55	42	13	5	0	0	5
AF	0	28.993610	46	33	13	8	0	0	8
AF	0	29.033546	103	72	31	10	0	0	10
AF	0	29.073482	54	44	10	8	0	0	8
AF	0	29.113419	47	31	16	7	0	0	7
AF	0	29.153355	42	29	13	8	0	0	8
AF	0	29.193291	72	54	18	8	0	0	8
AF	0	29.233227	50	36	14	4	0	0	4
AF	0	29.273163	55	28	27	9	0	0	9
AF	0	29.313099	40	25	15	7	0	0	7
AF	0	29.353035	49	34	15	10	0	0	10
AF	0	29.392971	48	28	20	10	0	0	10
AF	0	29.432907	38	26	12	6	0	0	6
AF	0	29.472843	65	45	20	8	0	0	8
AF	0	29.512780	55	40	15	8	0	0	8
AF	0	29.552716	59	45	14	9	0	0	9
AF	0	29.592652	59	45	14	7	0	0	7
AF	0	29.632588	36	23	13	2	0	0	2
AF	0	29.672524	50	37	13	3	0	0	3
AF	0	29.712460	42	34	8	8	0	0	8
AF	0	29.752396	55	36	19	6	0	0	6
AF	0	29.792332	37	26	11	8	0	0	8
AF	0	29.832268	44	32	12	10	0	0	10
AF	0	29.872204	45	34	11	6	0	0	6
AF	0	29.912141	52	36	16	9	0	0	9
AF	0	29.952077	37	28	9	11	0	0	11
AF	0	29.992013	44	34	10	4	0	0	4
AF	0	30.031949	61	42	19	12	0	0	12
AF	0	30.071885	58	47	11	9	0	0	9
AF	0	30.111821	47	33	14	8	0	0	8
AF	0	30.151757	57	43	14	8	0	0	8
AF	0	30.191693	38	31	7	6	0	0	6
AF	0	30.231629	48	30	18	6	0	0	6
AF	0	30.271565	60	47	13	9	0	0	9
AF	0	30.311502	47	30	17	10	0	0	10
AF	0	30.351438	45	28	17	3	0	0	3
AF	0	30.391374	48	34	14	13	0	0	13
AF	0	30.431310	38	23	15	7	0	0	7
AF	0	30.471246	54	42	12	7	0	0	7
AF	0	30.511182	45	34	11	13	0	0	13
AF	0	30.551118	50	34	16	12	0	0	12
AF	0	30.591054	44	27	17	7	0	0	7
AF	0	30.630990	61	48	13	13	0	0	13
AF	0	30.670927	60	38	22	7	0	0	7
AF	0	30.710863	46	32	14	10	0	0	10
AF	0	30.750799	44	37	7	10	0	0	10
AF	0	30.790735	36	32	4	10	0	0	10
AF	0	30.830671	46	29	17	6	0	0	6
AF	0	30.870607	47	30	17	4	0	0	4
AF	0	30.910543	64	45	19	6	0	0	6
AF	0	30.950479	46	29	17	7	0	0	7
AF	0	30.990415	32	30	2	3	0	0	3
AF	0	31.030351	44	28	16	8	0	0	8
AF	0	31.070288	31	21	10	5	0	0	5
AF	0	31.110224	38	28	10	6	0	0	6
AF	0	31.150160	43	29	14	7	0	0	7
AF	0	31.190096	51	38	13	5	0	0	5
AF	0	31.230032	34	23	11	9	0	0	9
AF	0	31.269968	39	30	9	8	0	0	8
AF	0	31.309904	31	23	8	6	0	0	6
AF	0	31.349840	41	28	13	4	0	0	4
AF	0	31.389776	42	35	7	9	0	0	9
AF	0	31.429712	36	26	10	12	0	0	12
AF	0	31.469649	56	43	13	5	0	0	5
AF	0	31.509585	36	29	7	6	0	0	6
AF	0	31.549521	48	35	13	8	0	0	8
AF	0	31.589457	42	32	10	9	0	0	9
AF	0	31.629393	47	30	17	8	0	0	8
AF	0	31.669329	51	30	21	9	0	0	9
AF	0	31.709265	43	33	10	9	0	0	9
AF	0	31.749201	38	28	10	9	0	0	9
AF	0	31.789137	39	25	14	9	0	0	9
AF	0	31.829073	36	20	16	14	0	0	14
AF	0	31.869010	29	18	11	3	0	0	3
AF	0	31.908946	44	29	15	5	0	0	5
AF	0	31.948882	37	25	12	10	0	0	10
AF	0	31.988818	31	16	15	6	0	0	6
AF	0	32.028754	35	26	9	2	0	0	2
AF	0	32.068690	46	29	17	6	0	0	6
AF	0	32.108626	49	36	13	7	0	0	7
AF	0	32.148562	35	24	11	10	0	0	10
AF	0	32.188498	46	35	11	14	0	0	14
AF	0	32.228435	47	30	17	10	0	0	10
AF	0	32.268371	40	33	7	8	0	0	8
AF	0	32.308307	57	44	13	11	0	0	11
AF	0	32.348243	42	26	16	11	0	0	11
AF	0	32.388179	55	37	18	7	0	0	7
AF	0	32.428115	52	37	15	13	0	0	13
AF	0	32.468051	42	31	11	12	0	0	12
AF	0	32.507987	43	29	14	6	0	0	6
AF	0	32.547923	58	37	21	2	0	0	2
AF	0	32.587859	40	26	14	4	0	0	4
AF	0	32.627796	48	30	18	13	0	0	13
AF	0	32.667732	45	27	18	6	0	0	6
AF	0	32.707668	41	30	11	7	0	0	7
AF	0	32.747604	55	37	18	7	0	0	7
AF	0	32.787540	42	33	9	9	0	0	9
AF	0	32.827476	59	45	14	8	0	0	8
AF	0	32.867412	54	36	18	9	0	0	9
AF	0	32.907348	37	27	10	8	0	0	8
AF	0	32.947284	43	29	14	4	0	0	4
AF	0	32.987220	35	29	6	6	0	0	6
AF	0	33.027157	37	22	15	4	0	0	4
AF	0	33.067093	34	25	9	9	0	0	9
AF	0	33.107029	52	40	12	10	0	0	10
AF	0	33.146965	41	28	13	10	0	0	10
AF	0	33.186901	38	27	11	12	0	0	12
AF	0	33.226837	32	23	9	7	0	0	7
AF	0	33.266773	36	24	12	7	0	0	7
AF	0	33.306709	29	21	8	3	0	0	3
AF	0	33.346645	30	20	10	6	0	0	6
AF	0	33.386581	36	27	9	17	0	0	17
AF	0	33.426518	41	26	15	7	0	0	7
AF	0	33.466454	44	26	18	7	0	0	7
AF	0	33.506390	45	33	12	8	0	0	8
AF	0	33.546326	51	32	19	6	0	0	6
AF	0	33.586262	39	26	13	8	0	0	8
AF	0	33.626198	38	22	16	8	0	0	8
AF	0	33.666134	35	26	9	7	0	0	7
AF	0	33.706070	27	21	6	5	0	0	5
AF	0	33.746006	40	31	9	6	0	0	6
AF	0	33.785942	32	25	7	11	0	0	11
AF	0	33.825879	43	27	16	9	0	0	9
AF	0	33.865815	28	20	8	9	0	0	9
AF	0	33.905751	37	28	9	11	0	0	11
AF	0	33.945687	41	25	16	9	0	0	9
AF	0	33.985623	47	32	15	6	0	0	6
AF	0	34.025559	45	36	9	6	0	0	6
AF	0	34.065495	34	26	8	7	0	0	7
AF	0	34.105431	49	32	17	9	0	0	9
AF	0	34.145367	46	34	12	5	0	0	5
AF	0	34.185304	30	25	5	9	0	0	9
AF	0	34.225240	50	29	21	7	0	0	7
AF	0	34.265176	57	41	16	9	0	0	9
AF	0	34.305112	43	31	12	5	0	0	5
AF	0	34.345048	53	38	15	10	0	0	10
AF	0	34.384984	58	43	15	4	0	0	4
AF	0	34.424920	36	31	5	8	0	0	8
AF	0	34.464856	42	30	12	5	0	0	5
AF	0	34.504792	45	35	10	5	0	0	5
AF	0	34.544728	42	31	11	9	0	0	9
AF	0	34.584665	56	38	18	10	0	0	10
AF	0	34.624601	31	21	10	4	0	0	4
AF	0	34.664537	36	28	8	5	0	0	5
AF	0	34.704473	40	26	14	5	0	0	5
AF	0	34.744409	50	32	18	9	0	0	9
AF	0	34.784345	44	32	12	5	0	0	5
AF	0	34.824281	32	22	10	5	0	0	5
AF	0	34.864217	45	36	9	10	0	0	10
AF	0	34.904153	41	28	13	5	0	0	5
AF	0	34.944089	35	29	6	6	0	0	6
AF	0	34.984026	37	23	14	8	0	0	8
AF	0	35.023962	46	33	13	3	0	0	3
AF	0	35.063898	46	29	17	5	0	0	5
AF	0	35.103834	51	35	16	15	0	0	15
AF	0	35.143770	46	36	10	5	0	0	5
AF	0	35.183706	45	33	12	8	0	0	8
AF	0	35.223642	42	28	14	9	0	0	9
AF	0	35.263578	37	25	12	9	0	0	9
AF	0	35.303514	44	32	12	6	0	0	6
AF	0	35.343450	40	34	6	5	0	0	5
AF	0	35.383387	44	31	13	4	0	0	4
AF	0	35.423323	39	27	12	6	0	0	6
AF	0	35.463259	43	34	9	8	0	0	8
AF	0	35.503195	52	38	14	9	0	0	9
AF	0	35.543131	35	24	11	11	0	0	11
AF	0	35.583067	49	40	9	4	0	0	4
AF	0	35.623003	38	22	16	3	0	0	3
AF	0	35.662939	54	37	17	13	0	0	13
AF	0	35.702875	34	23	11	5	0	0	5
AF	0	35.742812	51	38	13	7	0	0	7
AF	0	35.782748	42	27	15	10	0	0	10
AF	0	35.822684	38	27	11	6	0	0	6
AF	0	35.862620	42	27	15	7	0	0	7
AF	0	35.902556	49	39	10	6	0	0	6
AF	0	35.942492	31	24	7	8	0	0	8
AF	0	35.982428	41	33	8	6	0	0	6
AF	0	36.022364	56	43	13	7	0	0	7
AF	0	36.062300	33	30	3	3	0	0	3
AF	0	36.102236	41	21	20	7	0	0	7
AF	0	36.142173	48	36	12	12	0	0	12
AF	0	36.182109	45	31	14	2	0	0	2
AF	0	36.222045	50	29	21	6	0	0	6
AF	0	36.261981	66	46	20	4	0	0	4
AF	0	36.301917	36	26	10	4	0	0	4
AF	0	36.341853	44	33	11	8	0	0	8
AF	0	36.381789	70	49	21	6	0	0	6
AF	0	36.421725	63	44	19	16	0	0	16
AF	0	36.461661	41	26	15	8	0	0	8
AF	0	36.501597	58	39	19	3	0	0	3
AF	0	36.541534	49	33	16	1	0	0	1
AF	0	36.581470	46	32	14	9	0	0	9
AF	0	36.621406	47	35	12	8	0	0	8
AF	0	36.661342	49	35	14	11	0	0	11
AF	0	36.701278	51	34	17	11	0	0	11
AF	0	36.741214	53	44	9	8	0	0	8
AF	0	36.781150	43	30	13	10	0	0	10
AF	0	36.821086	44	34	10	5	0	0	5
AF	0	36.861022	22	16	6	8	0	0	8
AF	0	36.900958	38	30	8	6	0	0	6
AF	0	36.940895	44	30	14	13	0	0	13
AF	0	36.980831	43	35	8	6	0	0	6
AF	0	37.020767	41	33	8	8	0	0	8
AF	0	37.060703	41	30	11	11	0	0	11
AF	0	37.100639	43	33	10	5	0	0	5
AF	0	37.140575	48	36	12	5	0	0	5
AF	0	37.180511	29	21	8	4	0	0	4
AF	0	37.220447	36	23	13	9	0	0	9
AF	0	37.260383	42	24	18	2	0	0	2
AF	0	37.300319	26	19	7	8	0	0	8
AF	0	37.340256	35	25	10	7	0	0	7
AF	0	37.380192	30	22	8	4	0	0	4
AF	0	37.420128	28	17	11	1	0	0	1
AF	0	37.460064	27	18	9	5	0	0	5
AF	0	37.500000	29	21	8	5	0	0	5
AF	0	37.539936	33	22	11	5	0	0	5
AF	0	37.579872	20	14	6	8	0	0	8
AF	0	37.619808	41	29	12	5	0	0	5
AF	0	37.659744	30	22	8	6	0	0	6
AF	0	37.699681	44	34	10	8	0	0	8
AF	0	37.739617	27	15	12	7	0	0	7
AF	0	37.779553	36	23	13	3	0	0	3
AF	0	37.819489	41	28	13	5	0	0	5
AF	0	37.859425	30	22	8	5	0	0	5
AF	0	37.899361	39	25	14	6	0	0	6
AF	0	37.939297	30	20	10	3	0	0	3
AF	0	37.979233	39	24	15	11	0	0	11
AF	0	38.019169	31	21	10	4	0	0	4
AF	0	38.059105	30	20	10	10	0	0	10
AF	0	38.099042	39	28	11	9	0	0	9
AF	0	38.138978	27	19	8	6	0	0	6
AF	0	38.178914	35	26	9	11	0	0	11
AF	0	38.218850	31	20	11	3	0	0	3
AF	0	38.258786	32	26	6	7	0	0	7
AF	0	38.298722	46	35	11	6	0	0	6
AF	0	38.338658	36	25	11	5	0	0	5
AF	0	38.378594	36	28	8	8	0	0	8
AF	0	38.418530	21	15	6	4	0	0	4
AF	0	38.458466	31	21	10	8	0	0	8
AF	0	38.498403	27	24	3	13	0	0	13
AF	0	38.538339	37	28	9	7	0	0	7
AF	0	38.578275	37	19	18	10	0	0	10
AF	0	38.618211	36	25	11	9	0	0	9
AF	0	38.658147	36	27	9	10	0	0	10
AF	0	38.698083	34	21	13	8	0	0	8
AF	0	38.738019	39	24	15	8	0	0	8
AF	0	38.777955	38	27	11	5	0	0	5
AF	0	38.817891	37	28	9	6	0	0	6
AF	0	38.857827	51	31	20	9	0	0	9
AF	0	38.897764	42	29	13	4	0	0	4
AF	0	38.937700	44	32	12	7	0	0	7
AF	0	38.977636	41	25	16	12	0	0	12
AF	0	39.017572	43	27	16	2	0	0	2
AF	0	39.057508	34	24	10	8	0	0	8
AF	0	39.097444	39	23	16	8	0	0	8
AF	0	39.137380	28	18	10	5	0	0	5
AF	0	39.177316	38	27	11	7	0	0	7
AF	0	39.217252	35	27	8	3	0	0	3
AF	0	39.257188	25	19	6	4	0	0	4
AF	0	39.297125	38	20	18	6	0	0	6
AF	0	39.337061	44	30	14	2	0	0	2
AF	0	39.376997	31	25	6	4	0	0	4
AF	0	39.416933	34	27	7	5	0	0	5
AF	0	39.456869	37	26	11	6	0	0	6
AF	0	39.496805	34	22	12	6	0	0	6
AF	0	39.536741	24	15	9	4	0	0	4
AF	0	39.576677	36	21	15	13	0	0	13
AF	0	39.616613	29	17	12	4	0	0	4
AF	0	39.656550	39	26	13	4	0	0	4
AF	0	39.696486	34	21	13	10	0	0	10
AF	0	39.736422	37	30	7	5	0	0	5
AF	0	39.776358	40	30	10	7	0	0	7
AF	0	39.816294	33	24	9	7	0	0	7
AF	0	39.856230	35	21	14	13	0	0	13
AF	0	39.896166	45	32	13	7	0	0	7
AF	0	39.936102	35	24	11	7	0	0	7
AF	0	39.976038	32	25	7	10	0	0	10
AF	0	40.015974	30	19	11	5	0	0	5
AF	0	40.055911	35	22	13	10	0	0	10
AF	0	40.095847	35	21	14	8	0	0	8
AF	0	40.135783	45	27	18	7	0	0	7
AF	0	40.175719	39	27	12	4	0	0	4
AF	0	40.215655	33	23	10	6	0	0	6
AF	0	40.255591	45	34	11	3	0	0	3
AF	0	40.295527	38	28	10	4	0	0	4
AF	0	40.335463	36	25	11	6	0	0	6
AF	0	40.375399	56	39	17	4	0	0	4
AF	0	40.415335	59	38	21	10	0	0	10
AF	0	40.455272	40	28	12	4	0	0	4
AF	0	40.495208	41	26	15	11	0	0	11
AF	0	40.535144	43	29	14	5	0	0	5
AF	0	40.575080	58	45	13	6	0	0	6
AF	0	40.615016	49	33	16	7	0	0	7
AF	0	40.654952	39	26	13	9	0	0	9
AF	0	40.694888	43	28	15	10	0	0	10
AF	0	40.734824	26	18	8	6	0	0	6
AF	0	40.774760	36	29	7	6	0	0	6
AF	0	40.814696	35	22	13	7	0	0	7
AF	0	40.854633	36	29	7	6	0	0	6
AF	0	40.894569	41	32	9	5	0	0	5
AF	0	40.934505	43	29	14	9	0	0	9
AF	0	40.974441	23	15	8	4	0	0	4
AF	0	41.014377	34	24	10	3	0	0	3
AF	0	41.054313	33	27	6	4	0	0	4
AF	0	41.094249	43	27	16	6	0	0	6
AF	0	41.134185	30	19	11	8	0	0	8
AF	0	41.174121	30	25	5	4	0	0	4
AF	0	41.214058	49	30	19	8	0	0	8
AF	0	41.253994	37	30	7	6	0	0	6
AF	0	41.293930	36	26	10	7	0	0	7
AF	0	41.333866	33	21	12	1	0	0	1
AF	0	41.373802	32	21	11	8	0	0	8
AF	0	41.413738	34	25	9	5	0	0	5
AF	0	41.453674	20	11	9	10	0	0	10
AF	0	41.493610	38	22	16	7	0	0	7
AF	0	41.533546	24	14	10	6	0	0	6
AF	0	41.573482	34	22	12	4	0	0	4
AF	0	41.613419	25	16	9	3	0	0	3
AF	0	41.653355	43	27	16	7	0	0	7
AF	0	41.693291	25	17	8	2	0	0	2
AF	0	41.733227	31	22	9	6	0	0	6
AF	0	41.773163	21	17	4	2	0	0	2
AF	0	41.813099	30	21	9	5	0	0	5
AF	0	41.853035	31	23	8	7	0	0	7
AF	0	41.892971	24	18	6	7	0	0	7
AF	0	41.932907	47	30	17	12	0	0	12
AF	0	41.972843	36	25	11	4	0	0	4
AF	0	42.012780	39	20	19	4	0	0	4
AF	0	42.052716	26	19	7	3	0	0	3
AF	0	42.092652	32	19	13	4	0	0	4
AF	0	42.132588	34	21	13	8	0	0	8
AF	0	42.172524	25	16	9	4	0	0	4
AF	0	42.212460	33	26	7	10	0	0	10
AF	0	42.252396	36	20	16	9	0	0	9
AF	0	42.292332	29	20	9	8	0	0	8
AF	0	42.332268	26	13	13	7	0	0	7
AF	0	42.372204	25	18	7	4	0	0	4
AF	0	42.412141	34	23	11	6	0	0	6
AF	0	42.452077	34	20	14	6	0	0	6
AF	0	42.492013	20	16	4	4	0	0	4
AF	0	42.531949	24	15	9	7	0	0	7
AF	0	42.571885	46	33	13	5	0	0	5
AF	0	42.611821	45	29	16	6	0	0	6
AF	0	42.651757	27	22	5	3	0	0	3
AF	0	42.691693	37	27	10	5	0	0	5
AF	0	42.731629	38	27	11	5	0	0	5
AF	0	42.771565	41	29	12	3	0	0	3
AF	0	42.811502	37	26	11	9	0	0	9
AF	0	42.851438	42	28	14	5	0	0	5
AF	0	42.891374	32	21	11	6	0	0	6
AF	0	42.931310	30	24	6	4	0	0	4
AF	0	42.971246	26	19	7	8	0	0	8
AF	0	43.011182	22	18	4	5	0	0	5
AF	0	43.051118	35	20	15	9	0	0	9
AF	0	43.091054	40	31	9	10	0	0	10
AF	0	43.130990	41	31	10	5	0	0	5
AF	0	43.170927	35	29	6	8	0	0	8
AF	0	43.210863	38	25	13	5	0	0	5
AF	0	43.250799	25	21	4	8	0	0	8
AF	0	43.290735	35	27	8	6	0	0	6
AF	0	43.330671	36	30	6	11	0	0	11
AF	0	43.370607	45	32	13	5	0	0	5
AF	0	43.410543	41	31	10	3	0	0	3
AF	0	43.450479	30	23	7	6	0	0	6
AF	0	43.490415	33	18	15	7	0	0	7
AF	0	43.530351	27	19	8	6	0	0	6
AF	0	43.570288	71	52	19	3	0	0	3
AF	0	43.610224	47	34	13	7	0	0	7
AF	0	43.650160	32	24	8	6	0	0	6
AF	0	43.690096	32	20	12	7	0	0	7
AF	0	43.730032	45	34	11	7	0	0	7
AF	0	43.769968	25	17	8	3	0	0	3
AF	0	43.809904	25	16	9	12	0	0	12
AF	0	43.849840	40	28	12	4	0	0	4
AF	0	43.889776	42	31	11	11	0	0	11
AF	0	43.929712	36	22	14	7	0	0	7
AF	0	43.969649	34	25	9	9	0	0	9
AF	0	44.009585	31	23	8	3	0	0	3
AF	0	44.049521	24	18	6	4	0	0	4
AF	0	44.089457	31	18	13	6	0	0	6
AF	0	44.129393	37	28	9	4	0	0	4
AF	0	44.169329	48	36	12	8	0	0	8
AF	0	44.209265	40	25	15	6	0	0	6
AF	0	44.249201	25	19	6	5	0	0	5
AF	0	44.289137	29	16	13	4	0	0	4
AF	0	44.329073	26	17	9	13	0	0	13
AF	0	44.369010	21	13	8	5	0	0	5
AF	0	44.408946	29	18	11	3	0	0	3
AF	0	44.448882	30	22	8	6	0	0	6
AF	0	44.488818	28	16	12	7	0	0	7
AF	0	44.528754	26	20	6	6	0	0	6
AF	0	44.568690	21	15	6	5	0	0	5
AF	0	44.608626	31	24	7	5	0	0	5
AF	0	44.648562	24	15	9	4	0	0	4
AF	0	44.688498	25	18	7	6	0	0	6
AF	0	44.728435	26	18	8	4	0	0	4
AF	0	44.768371	15	14	1	5	0	0	5
AF	0	44.808307	34	27	7	5	0	0	5
AF	0	44.848243	26	14	12	4	0	0	4
AF	0	44.888179	18	12	6	1	0	0	1
AF	0	44.928115	25	17	8	3	0	0	3
AF	0	44.968051	26	16	10	5	0	0	5
AF	0	45.007987	16	10	6	9	0	0	9
AF	0	45.047923	29	18	11	4	0	0	4
AF	0	45.087859	23	11	12	6	0	0	6
AF	0	45.127796	23	11	12	7	0	0	7
AF	0	45.167732	25	17	8	2	0	0	2
AF	0	45.207668	26	19	7	6	0	0	6
AF	0	45.247604	36	23	13	4	0	0	4
AF	0	45.287540	31	24	7	2	0	0	2
AF	0	45.327476	39	32	7	6	0	0	6
AF	0	45.367412	39	30	9	9	0	0	9
AF	0	45.407348	44	34	10	3	0	0	3
AF	0	45.447284	19	14	5	2	0	0	2
AF	0	45.487220	27	18	9	4	0	0	4
AF	0	45.527157	34	22	12	6	0	0	6
AF	0	45.567093	31	21	10	5	0	0	5
AF	0	45.607029	39	28	11	4	0	0	4
AF	0	45.646965	26	15	11	6	0	0	6
AF	0	45.686901	34	22	12	6	0	0	6
AF	0	45.726837	31	26	5	3	0	0	3
AF	0	45.766773	29	22	7	3	0	0	3
AF	0	45.806709	37	27	10	4	0	0	4
AF	0	45.846645	44	33	11	6	0	0	6
AF	0	45.886581	31	21	10	5	0	0	5
AF	0	45.926518	24	17	7	6	0	0	6
AF	0	45.966454	18	12	6	2	0	0	2
AF	0	46.006390	26	16	10	10	0	0	10
AF	0	46.046326	28	18	10	6	0	0	6
AF	0	46.086262	32	22	10	7	0	0	7
AF	0	46.126198	25	17	8	1	0	0	1
AF	0	46.166134	44	38	6	7	0	0	7
AF	0	46.206070	37	25	12	4	0	0	4
AF	0	46.246006	35	24	11	2	0	0	2
AF	0	46.285942	23	12	11	9	0	0	9
AF	0	46.325879	44	35	9	3	0	0	3
AF	0	46.365815	31	17	14	6	0	0	6
AF	0	46.405751	36	24	12	6	0	0	6
AF	0	46.445687	55	38	17	4	0	0	4
AF	0	46.485623	47	38	9	6	0	0	6
AF	0	46.525559	36	24	12	9	0	0	9
AF	0	46.565495	46	29	17	3	0	0	3
AF	0	46.605431	32	22	10	7	0	0	7
AF	0	46.645367	27	20	7	10	0	0	10
AF	0	46.685304	37	29	8	5	0	0	5
AF	0	46.725240	24	12	12	5	0	0	5
AF	0	46.765176	30	25	5	13	0	0	13
AF	0	46.805112	35	24	11	11	0	0	11
AF	0	46.845048	38	27	11	6	0	0	6
AF	0	46.884984	23	17	6	7	0	0	7
AF	0	46.924920	34	24	10	9	0	0	9
AF	0	46.964856	27	22	5	1	0	0	1
AF	0	47.004792	28	17	11	3	0	0	3
AF	0	47.044728	43	37	6	7	0	0	7
AF	0	47.084665	36	25	11	6	0	0	6
AF	0	47.124601	46	31	15	9	0	0	9
AF	0	47.164537	32	27	5	4	0	0	4
AF	0	47.204473	51	36	15	4	0	0	4
AF	0	47.244409	36	27	9	4	0	0	4
AF	0	47.284345	16	13	3	2	0	0	2
AF	0	47.324281	32	20	12	6	0	0	6
AF	0	47.364217	46	32	14	7	0	0	7
AF	0	47.404153	32	25	7	5	0	0	5
AF	0	47.444089	52	35	17	5	0	0	5
AF	0	47.484026	68	49	19	3	0	0	3
AF	0	47.523962	33	22	11	4	0	0	4
AF	0	47.563898	27	18	9	6	0	0	6
AF	0	47.603834	36	22	14	6	0	0	6
AF	0	47.643770	51	37	14	6	0	0	6
AF	0	47.683706	36	23	13	5	0	0	5
AF	0	47.723642	25	16	9	7	0	0	7
AF	0	47.763578	37	21	16	6	0	0	6
AF	0	47.803514	18	15	3	7	0	0	7
AF	0	47.843450	22	12	10	4	0	0	4
AF	0	47.883387	18	13	5	6	0	0	6
AF	0	47.923323	21	16	5	9	0	0	9
AF	0	47.963259	37	26	11	6	0	0	6
AF	0	48.003195	28	24	4	6	0	0	6
AF	0	48.043131	17	12	5	2	0	0	2
AF	0	48.083067	35	24	11	3	0	0	3
AF	0	48.123003	36	29	7	4	0	0	4
AF	0	48.162939	36	24	12	2	0	0	2
AF	0	48.202875	33	21	12	9	0	0	9
AF	0	48.242812	26	19	7	4	0	0	4
AF	0	48.282748	29	20	9	5	0	0	5
AF	0	48.322684	31	27	4	3	0	0	3
AF	0	48.362620	23	15	8	5	0	0	5
AF	0	48.402556	26	20	6	4	0	0	4
AF	0	48.442492	21	14	7	6	0	0	6
AF	0	48.482428	32	23	9	6	0	0	6
AF	0	48.522364	33	25	8	6	0	0	6
AF	0	48.562300	30	20	10	6	0	0	6
AF	0	48.602236	34	22	12	1	0	0	1
AF	0	48.642173	31	25	6	2	0	0	2
AF	0	48.682109	38	24	14	9	0	0	9
AF	0	48.722045	52	40	12	4	0	0	4
AF	0	48.761981	36	26	10	3	0	0	3
AF	0	48.801917	25	17	8	4	0	0	4
AF	0	48.841853	35	23	12	8	0	0	8
AF	0	48.881789	20	15	5	7	0	0	7
AF	0	48.921725	24	15	9	6	0	0	6
AF	0	48.961661	29	16	13	9	0	0	9
AF	0	49.001597	29	19	10	11	0	0	11
AF	0	49.041534	28	18	10	3	0	0	3
AF	0	49.081470	29	22	7	5	0	0	5
AF	0	49.121406	33	17	16	4	0	0	4
AF	0	49.161342	46	31	15	9	0	0	9
AF	0	49.201278	23	17	6	3	0	0	3
AF	0	49.241214	25	17	8	0	0	0	0
AF	0	49.281150	27	18	9	9	0	0	9
AF	0	49.321086	27	17	10	4	0	0	4
AF	0	49.361022	21	16	5	6	0	0	6
AF	0	49.400958	19	16	3	8	0	0	8
AF	0	49.440895	31	26	5	8	0	0	8
AF	0	49.480831	25	19	6	4	0	0	4
AF	0	49.520767	21	16	5	5	0	0	5
AF	0	49.560703	27	21	6	2	0	0	2
AF	0	49.600639	26	18	8	2	0	0	2
AF	0	49.640575	22	17	5	2	0	0	2
AF	0	49.680511	16	11	5	2	0	0	2
AF	0	49.720447	21	20	1	6	0	0	6
AF	0	49.760383	34	23	11	6	0	0	6
AF	0	49.800319	25	18	7	6	0	0	6
AF	0	49.840256	26	22	4	5	0	0	5
AF	0	49.880192	29	20	9	6	0	0	6
AF	0	49.920128	17	14	3	5	0	0	5
AF	0	49.960064	43	33	10	8	0	0	8
AF	0	50.000000	20	14	6	0	0	0	0
AF	0	50.039936	35	26	9	4	0	0	4
AF	0	50.079872	34	28	6	6	0	0	6
AF	0	50.119808	19	13	6	9	0	0	9
AF	0	50.159744	29	15	14	4	0	0	4
AF	0	50.199681	20	16	4	2	0	0	2
AF	0	50.239617	27	19	8	6	0	0	6
AF	0	50.279553	19	14	5	11	0	0	11
AF	0	50.319489	23	17	6	5	0	0	5
AF	0	50.359425	21	16	5	3	0	0	3
AF	0	50.399361	14	8	6	4	0	0	4
AF	0	50.439297	18	13	5	5	0	0	5
AF	0	50.479233	22	13	9	4	0	0	4
AF	0	50.519169	22	17	5	2	0	0	2
AF	0	50.559105	22	16	6	5	0	0	5
AF	0	50.599042	28	17	11	5	0	0	5
AF	0	50.638978	20	16	4	10	0	0	10
AF	0	50.678914	23	15	8	6	0	0	6
AF	0	50.718850	39	24	15	8	0	0	8
AF	0	50.758786	24	16	8	0	0	0	0
AF	0	50.798722	21	13	8	1	0	0	1
AF	0	50.838658	24	12	12	3	0	0	3
AF	0	50.878594	20	16	4	8	0	0	8
AF	0	50.918530	26	20	6	2	0	0	2
AF	0	50.958466	32	19	13	4	0	0	4
AF	0	50.998403	39	31	8	6	0	0	6
AF	0	51.038339	42	28	14	3	0	0	3
AF	0	51.078275	40	34	6	5	0	0	5
AF	0	51.118211	24	16	8	1	0	0	1
AF	0	51.158147	36	32	4	3	0	0	3
AF	0	51.198083	28	16	12	4	0	0	4
AF	0	51.238019	26	16	10	4	0	0	4
AF	0	51.277955	28	24	4	5	0	0	5
AF	0	51.317891	24	20	4	7	0	0	7
AF	0	51.357827	18	15	3	5	0	0	5
AF	0	51.397764	21	13	8	4	0	0	4
AF	0	51.437700	29	20	9	7	0	0	7
AF	0	51.477636	17	10	7	4	0	0	4
AF	0	51.517572	25	18	7	11	0	0	11
AF	0	51.557508	34	22	12	2	0	0	2
AF	0	51.597444	31	22	9	8	0	0	8
AF	0	51.637380	32	23	9	4	0	0	4
AF	0	51.677316	26	21	5	5	0	0	5
AF	0	51.717252	28	19	9	4	0	0	4
AF	0	51.757188	23	14	9	5	0	0	5
AF	0	51.797125	18	12	6	4	0	0	4
AF	0	51.837061	20	12	8	3	0	0	3
AF	0	51.876997	33	28	5	8	0	0	8
AF	0	51.916933	35	20	15	5	0	0	5
AF	0	51.956869	36	27	9	6	0	0	6
AF	0	51.996805	28	19	9	3	0	0	3
AF	0	52.036741	19	14	5	6	0	0	6
AF	0	52.076677	29	27	2	5	0	0	5
AF	0	52.116613	17	13	4	3	0	0	3
AF	0	52.156550	18	12	6	6	0	0	6
AF	0	52.196486	25	17	8	5	0	0	5
AF	0	52.236422	33	21	12	5	0	0	5
AF	0	52.276358	38	26	12	4	0	0	4
AF	0	52.316294	31	26	5	6	0	0	6
AF	0	52.356230	14	8	6	5	0	0	5
AF	0	52.396166	16	13	3	4	0	0	4
AF	0	52.436102	25	10	15	5	0	0	5
AF	0	52.476038	23	18	5	4	0	0	4
AF	0	52.515974	28	22	6	8	0	0	8
AF	0	52.555911	32	27	5	5	0	0	5
AF	0	52.595847	25	17	8	6	0	0	6
AF	0	52.635783	33	20	13	2	0	0	2
AF	0	52.675719	18	14	4	5	0	0	5
AF	0	52.715655	10	8	2	9	0	0	9
AF	0	52.755591	23	13	10	4	0	0	4
AF	0	52.795527	28	21	7	5	0	0	5
AF	0	52.835463	22	16	6	6	0	0	6
AF	0	52.875399	30	25	5	6	0	0	6
AF	0	52.915335	23	18	5	5	0	0	5
AF	0	52.955272	23	16	7	2	0	0	2
AF	0	52.995208	25	17	8	4	0	0	4
AF	0	53.035144	28	16	12	3	0	0	3
AF	0	53.075080	47	30	17	7	0	0	7
AF	0	53.115016	39	26	13	6	0	0	6
AF	0	53.154952	34	26	8	5	0	0	5
AF	0	53.194888	26	15	11	5	0	0	5
AF	0	53.234824	45	30	15	5	0	0	5
AF	0	53.274760	32	29	3	9	0	0	9
AF	0	53.314696	28	21	7	7	0	0	7
AF	0	53.354633	29	22	7	8	0	0	8
AF	0	53.394569	28	21	7	5	0	0	5
AF	0	53.434505	28	22	6	7	0	0	7
AF	0	53.474441	31	24	7	6	0	0	6
AF	0	53.514377	22	13	9	4	0	0	4
AF	0	53.554313	41	28	13	7	0	0	7
AF	0	53.594249	44	26	18	4	0	0	4
AF	0	53.634185	23	17	6	2	0	0	2
AF	0	53.674121	27	18	9	2	0	0	2
AF	0	53.714058	30	22	8	4	0	0	4
AF	0	53.753994	26	22	4	3	0	0	3
AF	0	53.793930	38	30	8	7	0	0	7
AF	0	53.833866	34	21	13	6	0	0	6
AF	0	53.873802	41	29	12	9	0	0	9
AF	0	53.913738	32	22	10	2	0	0	2
AF	0	53.953674	36	25	11	3	0	0	3
AF	0	53.993610	28	18	10	4	0	0	4
AF	0	54.033546	36	25	11	3	0	0	3
AF	0	54.073482	28	20	8	6	0	0	6
AF	0	54.113419	23	15	8	5	0	0	5
AF	0	54.153355	30	20	10	7	0	0	7
AF	0	54.193291	15	8	7	5	0	0	5
AF	0	54.233227	28	23	5	4	0	0	4
AF	0	54.273163	21	16	5	5	0	0	5
AF	0	54.313099	18	13	5	2	0	0	2
AF	0	54.353035	25	19	6	1	0	0	1
AF	0	54.392971	20	15	5	6	0	0	6
AF	0	54.432907	15	10	5	2	0	0	2
AF	0	54.472843	19	16	3	4	0	0	4
AF	0	54.512780	32	18	14	4	0	0	4
AF	0	54.552716	23	19	4	3	0	0	3
AF	0	54.592652	35	24	11	2	0	0	2
AF	0	54.632588	36	28	8	3	0	0	3
AF	0	54.672524	40	23	17	9	0	0	9
AF	0	54.712460	38	21	17	6	0	0	6
AF	0	54.752396	35	22	13	8	0	0	8
AF	0	54.792332	35	27	8	2	0	0	2
AF	0	54.832268	33	26	7	4	0	0	4
AF	0	54.872204	23	18	5	4	0	0	4
AF	0	54.912141	23	16	7	2	0	0	2
AF	0	54.952077	23	14	9	3	0	0	3
AF	0	54.992013	21	16	5	3	0	0	3
AF	0	55.031949	22	14	8	4	0	0	4
AF	0	55.071885	28	21	7	4	0	0	4
AF	0	55.111821	25	18	7	6	0	0	6
AF	0	55.151757	24	15	9	5	0	0	5
AF	0	55.191693	22	10	12	4	0	0	4
AF	0	55.231629	20	15	5	7	0	0	7
AF	0	55.271565	25	16	9	5	0	0	5
AF	0	55.311502	25	20	5	2	0	0	2
AF	0	55.351438	25	16	9	10	0	0	10
AF	0	55.391374	27	18	9	6	0	0	6
AF	0	55.431310	34	26	8	4	0	0	4
AF	0	55.471246	47	32	15	2	0	0	2
AF	0	55.511182	21	17	4	10	0	0	10
AF	0	55.551118	22	19	3	1	0	0	1
AF	0	55.591054	31	21	10	0	0	0	0
AF	0	55.630990	19	12	7	3	0	0	3
AF	0	55.670927	22	13	9	7	0	0	7
AF	0	55.710863	17	10	7	7	0	0	7
AF	0	55.750799	20	13	7	7	0	0	7
AF	0	55.790735	17	14	3	3	0	0	3
AF	0	55.830671	22	18	4	2	0	0	2
AF	0	55.870607	20	13	7	8	0	0	8
AF	0	55.910543	21	17	4	3	0	0	3
AF	0	55.950479	25	21	4	5	0	0	5
AF	0	55.990415	22	14	8	6	0	0	6
AF	0	56.030351	29	23	6	5	0	0	5
AF	0	56.070288	22	13	9	5	0	0	5
AF	0	56.110224	20	17	3	3	0	0	3
AF	0	56.150160	21	17	4	2	0	0	2
AF	0	56.190096	19	13	6	7	0	0	7
AF	0	56.230032	13	7	6	3	0	0	3
AF	0	56.269968	24	18	6	4	0	0	4
AF	0	56.309904	20	15	5	3	0	0	3
AF	0	56.349840	23	14	9	4	0	0	4
AF	0	56.389776	23	17	6	2	0	0	2
AF	0	56.429712	19	10	9	4	0	0	4
AF	0	56.469649	22	12	10	2	0	0	2
AF	0	56.509585	20	12	8	5	0	0	5
AF	0	56.549521	17	16	1	5	0	0	5
AF	0	56.589457	26	10	16	5	0	0	5
AF	0	56.629393	23	11	12	6	0	0	6
AF	0	56.669329	25	19	6	4	0	0	4
AF	0	56.709265	16	11	5	3	0	0	3
AF	0	56.749201	22	12	10	5	0	0	5
AF	0	56.789137	14	9	5	7	0	0	7
AF	0	56.829073	29	21	8	3	0	0	3
AF	0	56.869010	21	18	3	0	0	0	0
AF	0	56.908946	27	21	6	7	0	0	7
AF	0	56.948882	14	9	5	6	0	0	6
AF	0	56.988818	29	19	10	3	0	0	3
AF	0	57.028754	18	10	8	5	0	0	5
AF	0	57.068690	20	16	4	3	0	0	3
AF	0	57.108626	24	20	4	8	0	0	8
AF	0	57.148562	19	14	5	2	0	0	2
AF	0	57.188498	20	13	7	6	0	0	6
AF	0	57.228435	21	14	7	3	0	0	3
AF	0	57.268371	16	12	4	2	0	0	2
AF	0	57.308307	23	9	14	7	0	0	7
AF	0	57.348243	29	22	7	3	0	0	3
AF	0	57.388179	24	14	10	3	0	0	3
AF	0	57.428115	25	18	7	5	0	0	5
AF	0	57.468051	32	19	13	4	0	0	4
AF	0	57.507987	28	18	10	2	0	0	2
AF	0	57.547923	32	27	5	4	0	0	4
AF	0	57.587859	18	15	3	2	0	0	2
AF	0	57.627796	24	15	9	4	0	0	4
AF	0	57.667732	19	13	6	4	0	0	4
AF	0	57.707668	31	20	11	0	0	0	0
AF	0	57.747604	24	18	6	1	0	0	1
AF	0	57.787540	15	10	5	4	0	0	4
AF	0	57.827476	23	21	2	2	0	0	2
AF	0	57.867412	24	16	8	3	0	0	3
AF	0	57.907348	29	19	10	3	0	0	3
AF	0	57.947284	37	26	11	2	0	0	2
AF	0	57.987220	17	11	6	11	0	0	11
AF	0	58.027157	24	19	5	7	0	0	7
AF	0	58.067093	33	22	11	3	0	0	3
AF	0	58.107029	11	8	3	3	0	0	3
AF	0	58.146965	26	19	7	6	0	0	6
AF	0	58.186901	19	13	6	2	0	0	2
AF	0	58.226837	23	17	6	4	0	0	4
AF	0	58.266773	21	12	9	2	0	0	2
AF	0	58.306709	15	9	6	4	0	0	4
AF	0	58.346645	20	11	9	3	0	0	3
AF	0	58.386581	20	16	4	2	0	0	2
AF	0	58.426518	19	12	7	1	0	0	1
AF	0	58.466454	24	16	8	5	0	0	5
AF	0	58.506390	26	18	8	4	0	0	4
AF	0	58.546326	24	17	7	2	0	0	2
AF	0	58.586262	23	17	6	2	0	0	2
AF	0	58.626198	16	13	3	5	0	0	5
AF	0	58.666134	13	7	6	2	0	0	2
AF	0	58.706070	19	12	7	7	0	0	7
AF	0	58.746006	16	10	6	2	0	0	2
AF	0	58.785942	23	19	4	4	0	0	4
AF	0	58.825879	21	13	8	2	0	0	2
AF	0	58.865815	22	17	5	3	0	0	3
AF	0	58.905751	23	16	7	6	0	0	6
AF	0	58.945687	26	18	8	9	0	0	9
AF	0	58.985623	48	38	10	5	0	0	5
AF	0	59.025559	33	24	9	6	0	0	6
AF	0	59.065495	22	11	11	3	0	0	3
AF	0	59.105431	24	15	9	2	0	0	2
AF	0	59.145367	32	23	9	5	0	0	5
AF	0	59.185304	14	13	1	3	0	0	3
AF	0	59.225240	21	16	5	6	0	0	6
AF	0	59.265176	21	17	4	2	0	0	2
AF	0	59.305112	32	25	7	8	0	0	8
AF	0	59.345048	18	12	6	3	0	0	3
AF	0	59.384984	21	18	3	3	0	0	3
AF	0	59.424920	21	10	11	6	0	0	6
AF	0	59.464856	18	12	6	5	0	0	5
AF	0	59.504792	32	23	9	5	0	0	5
AF	0	59.544728	26	14	12	4	0	0	4
AF	0	59.584665	26	14	12	5	0	0	5
AF	0	59.624601	23	17	6	1	0	0	1
AF	0	59.664537	21	14	7	3	0	0	3
AF	0	59.704473	20	11	9	3	0	0	3
AF	0	59.744409	17	14	3	2	0	0	2
AF	0	59.784345	25	19	6	7	0	0	7
AF	0	59.824281	23	16	7	1	0	0	1
AF	0	59.864217	26	18	8	7	0	0	7
AF	0	59.904153	47	29	18	3	0	0	3
AF	0	59.944089	25	19	6	6	0	0	6
AF	0	59.984026	36	27	9	3	0	0	3
AF	0	60.023962	24	17	7	6	0	0	6
AF	0	60.063898	16	13	3	4	0	0	4
AF	0	60.103834	32	23	9	3	0	0	3
AF	0	60.143770	30	24	6	6	0	0	6
AF	0	60.183706	19	16	3	4	0	0	4
AF	0	60.223642	21	18	3	5	0	0	5
AF	0	60.263578	32	22	10	1	0	0	1
AF	0	60.303514	32	18	14	5	0	0	5
AF	0	60.343450	32	24	8	5	0	0	5
AF	0	60.383387	24	18	6	2	0	0	2
AF	0	60.423323	26	19	7	4	0	0	4
AF	0	60.463259	25	18	7	4	0	0	4
AF	0	60.503195	19	14	5	8	0	0	8
AF	0	60.543131	27	19	8	5	0	0	5
AF	0	60.583067	24	17	7	5	0	0	5
AF	0	60.623003	22	18	4	6	0	0	6
AF	0	60.662939	13	8	5	6	0	0	6
AF	0	60.702875	23	15	8	4	0	0	4
AF	0	60.742812	26	18	8	0	0	0	0
AF	0	60.782748	23	16	7	2	0	0	2
AF	0	60.822684	23	20	3	2	0	0	2
AF	0	60.862620	33	22	11	5	0	0	5
AF	0	60.902556	23	17	6	1	0	0	1
AF	0	60.942492	27	17	10	6	0	0	6
AF	0	60.982428	24	17	7	2	0	0	2
AF	0	61.022364	19	14	5	5	0	0	5
AF	0	61.062300	13	10	3	1	0	0	1
AF	0	61.102236	20	15	5	4	0	0	4
AF	0	61.142173	23	19	4	5	0	0	5
AF	0	61.182109	22	14	8	7	0	0	7
AF	0	61.222045	29	20	9	3	0	0	3
AF	0	61.261981	27	18	9	3	0	0	3
AF	0	61.301917	18	14	4	1	0	0	1
AF	0	61.341853	19	16	3	2	0	0	2
AF	0	61.381789	21	18	3	4	0	0	4
AF	0	61.421725	24	16	8	1	0	0	1
AF	0	61.461661	16	12	4	3	0	0	3
AF	0	61.501597	14	6	8	0	0	0	0
AF	0	61.541534	21	16	5	3	0	0	3
AF	0	61.581470	25	20	5	2	0	0	2
AF	0	61.621406	22	15	7	6	0	0	6
AF	0	61.661342	29	22	7	3	0	0	3
AF	0	61.701278	31	24	7	3	0	0	3
AF	0	61.741214	28	20	8	2	0	0	2
AF	0	61.781150	22	14	8	4	0	0	4
AF	0	61.821086	16	10	6	4	0	0	4
AF	0	61.861022	29	22	7	7	0	0	7
AF	0	61.900958	39	29	10	2	0	0	2
AF	0	61.940895	28	18	10	3	0	0	3
AF	0	61.980831	21	13	8	4	0	0	4
AF	0	62.020767	17	12	5	1	0	0	1
AF	0	62.060703	24	15	9	3	0	0	3
AF	0	62.100639	18	13	5	4	0	0	4
AF	0	62.140575	26	17	9	2	0	0	2
AF	0	62.180511	18	12	6	1	0	0	1
AF	0	62.220447	13	8	5	4	0	0	4
AF	0	62.260383	18	14	4	3	0	0	3
AF	0	62.300319	17	14	3	4	0	0	4
AF	0	62.340256	19	14	5	1	0	0	1
AF	0	62.380192	15	12	3	4	0	0	4
AF	0	62.420128	25	18	7	3	0	0	3
AF	0	62.460064	11	8	3	2	0	0	2
AF	0	62.500000	19	12	7	3	0	0	3
AF	0	62.539936	10	9	1	3	0	0	3
AF	0	62.579872	16	11	5	6	0	0	6
AF	0	62.619808	14	9	5	4	0	0	4
AF	0	62.659744	21	14	7	5	0	0	5
AF	0	62.699681	25	18	7	4	0	0	4
AF	0	62.739617	22	16	6	2	0	0	2
AF	0	62.779553	20	14	6	2	0	0	2
AF	0	62.819489	16	7	9	5	0	0	5
AF	0	62.859425	24	17	7	5	0	0	5
AF	0	62.899361	15	13	2	3	0	0	3
AF	0	62.939297	23	17	6	0	0	0	0
AF	0	62.979233	18	11	7	4	0	0	4
AF	0	63.019169	17	12	5	1	0	0	1
AF	0	63.059105	16	9	7	3	0	0	3
AF	0	63.099042	17	14	3	2	0	0	2
AF	0	63.138978	20	12	8	2	0	0	2
AF	0	63.178914	26	22	4	4	0	0	4
AF	0	63.218850	42	31	11	3	0	0	3
AF	0	63.258786	17	13	4	3	0	0	3
AF	0	63.298722	17	10	7	2	0	0	2
AF	0	63.338658	27	19	8	3	0	0	3
AF	0	63.378594	26	16	10	3	0	0	3
AF	0	63.418530	21	17	4	3	0	0	3
AF	0	63.458466	15	11	4	4	0	0	4
AF	0	63.498403	19	14	5	3	0	0	3
AF	0	63.538339	20	17	3	7	0	0	7
AF	0	63.578275	17	15	2	3	0	0	3
AF	0	63.618211	21	12	9	9	0	0	9
AF	0	63.658147	33	25	8	2	0	0	2
AF	0	63.698083	38	27	11	2	0	0	2
AF	0	63.738019	25	17	8	2	0	0	2
AF	0	63.777955	33	27	6	4	0	0	4
AF	0	63.817891	22	12	10	5	0	0	5
AF	0	63.857827	23	15	8	6	0	0	6
AF	0	63.897764	19	17	2	3	0	0	3
AF	0	63.937700	24	17	7	6	0	0	6
AF	0	63.977636	21	15	6	2	0	0	2
AF	0	64.017572	16	10	6	3	0	0	3
AF	0	64.057508	23	17	6	4	0	0	4
AF	0	64.097444	19	12	7	3	0	0	3
AF	0	64.137380	33	27	6	5	0	0	5
AF	0	64.177316	30	22	8	5	0	0	5
AF	0	64.217252	13	9	4	4	0	0	4
AF	0	64.257188	31	25	6	7	0	0	7
AF	0	64.297125	20	15	5	3	0	0	3
AF	0	64.337061	20	17	3	5	0	0	5
AF	0	64.376997	30	21	9	7	0	0	7
AF	0	64.416933	20	15	5	5	0	0	5
AF	0	64.456869	27	18	9	3	0	0	3
AF	0	64.496805	31	21	10	4	0	0	4
AF	0	64.536741	27	19	8	4	0	0	4
AF	0	64.576677	18	12	6	6	0	0	6
AF	0	64.616613	18	15	3	3	0	0	3
AF	0	64.656550	41	27	14	3	0	0	3
AF	0	64.696486	29	22	7	4	0	0	4
AF	0	64.736422	23	17	6	3	0	0	3
AF	0	64.776358	12	6	6	3	0	0	3
AF	0	64.816294	19	13	6	3	0	0	3
AF	0	64.856230	14	10	4	4	0	0	4
AF	0	64.896166	31	17	14	4	0	0	4
AF	0	64.936102	17	12	5	7	0	0	7
AF	0	64.976038	26	17	9	5	0	0	5
AF	0	65.015974	26	20	6	5	0	0	5
AF	0	65.055911	36	24	12	4	0	0	4
AF	0	65.095847	21	13	8	7	0	0	7
AF	0	65.135783	28	19	9	5	0	0	5
AF	0	65.175719	27	18	9	2	0	0	2
AF	0	65.215655	31	21	10	9	0	0	9
AF	0	65.255591	27	19	8	9	0	0	9
AF	0	65.295527	22	15	7	1	0	0	1
AF	0	65.335463	25	20	5	2	0	0	2
AF	0	65.375399	28	17	11	5	0	0	5
AF	0	65.415335	19	16	3	3	0	0	3
AF	0	65.455272	27	17	10	3	0	0	3
AF	0	65.495208	30	19	11	5	0	0	5
AF	0	65.535144	19	15	4	2	0	0	2
AF	0	65.575080	13	8	5	3	0	0	3
AF	0	65.615016	18	11	7	4	0	0	4
AF	0	65.654952	18	10	8	8	0	0	8
AF	0	65.694888	18	11	7	3	0	0	3
AF	0	65.734824	30	25	5	4	0	0	4
AF	0	65.774760	29	16	13	4	0	0	4
AF	0	65.814696	16	12	4	2	0	0	2
AF	0	65.854633	19	12	7	6	0	0	6
AF	0	65.894569	16	11	5	7	0	0	7
AF	0	65.934505	17	12	5	4	0	0	4
AF	0	65.974441	24	17	7	4	0	0	4
AF	0	66.014377	23	22	1	4	0	0	4
AF	0	66.054313	34	28	6	2	0	0	2
AF	0	66.094249	21	18	3	2	0	0	2
AF	0	66.134185	15	11	4	5	0	0	5
AF	0	66.174121	19	12	7	1	0	0	1
AF	0	66.214058	15	10	5	7	0	0	7
AF	0	66.253994	24	17	7	5	0	0	5
AF	0	66.293930	26	20	6	5	0	0	5
AF	0	66.333866	16	10	6	3	0	0	3
AF	0	66.373802	19	14	5	6	0	0	6
AF	0	66.413738	24	17	7	3	0	0	3
AF	0	66.453674	23	20	3	6	0	0	6
AF	0	66.493610	18	13	5	5	0	0	5
AF	0	66.533546	28	16	12	2	0	0	2
AF	0	66.573482	13	9	4	5	0	0	5
AF	0	66.613419	21	13	8	3	0	0	3
AF	0	66.653355	10	8	2	2	0	0	2
AF	0	66.693291	13	9	4	11	0	0	11
AF	0	66.733227	19	15	4	3	0	0	3
AF	0	66.773163	19	14	5	2	0	0	2
AF	0	66.813099	18	10	8	5	0	0	5
AF	0	66.853035	23	17	6	0	0	0	0
AF	0	66.892971	24	20	4	3	0	0	3
AF	0	66.932907	21	18	3	2	0	0	2
AF	0	66.972843	17	10	7	3	0	0	3
AF	0	67.012780	17	13	4	6	0	0	6
AF	0	67.052716	29	25	4	4	0	0	4
AF	0	67.092652	29	23	6	2	0	0	2
AF	0	67.132588	12	9	3	7	0	0	7
AF	0	67.172524	13	11	2	1	0	0	1
AF	0	67.212460	9	6	3	3	0	0	3
AF	0	67.252396	22	14	8	5	0	0	5
AF	0	67.292332	17	16	1	3	0	0	3
AF	0	67.332268	21	15	6	7	0	0	7
AF	0	67.372204	24	19	5	4	0	0	4
AF	0	67.412141	20	12	8	4	0	0	4
AF	0	67.452077	37	24	13	1	0	0	1
AF	0	67.492013	33	22	11	6	0	0	6
AF	0	67.531949	23	15	8	4	0	0	4
AF	0	67.571885	29	21	8	6	0	0	6
AF	0	67.611821	21	15	6	4	0	0	4
AF	0	67.651757	16	16	0	8	0	0	8
AF	0	67.691693	26	15	11	3	0	0	3
AF	0	67.731629	19	15	4	3	0	0	3
AF	0	67.771565	22	14	8	3	0	0	3
AF	0	67.811502	13	10	3	4	0	0	4
AF	0	67.851438	12	8	4	4	0	0	4
AF	0	67.891374	17	13	4	2	0	0	2
AF	0	67.931310	12	7	5	6	0	0	6
AF	0	67.971246	18	13	5	5	0	0	5
AF	0	68.011182	28	20	8	2	0	0	2
AF	0	68.051118	26	14	12	3	0	0	3
AF	0	68.091054	24	18	6	3	0	0	3
AF	0	68.130990	31	25	6	5	0	0	5
AF	0	68.170927	16	12	4	1	0	0	1
AF	0	68.210863	20	14	6	1	0	0	1
AF	0	68.250799	18	9	9	4	0	0	4
AF	0	68.290735	17	10	7	5	0	0	5
AF	0	68.330671	19	13	6	2	0	0	2
AF	0	68.370607	14	9	5	2	0	0	2
AF	0	68.410543	25	16	9	2	0	0	2
AF	0	68.450479	16	8	8	2	0	0	2
AF	0	68.490415	25	18	7	3	0	0	3
AF	0	68.530351	15	12	3	7	0	0	7
AF	0	68.570288	28	21	7	6	0	0	6
AF	0	68.610224	13	10	3	4	0	0	4
AF	0	68.650160	27	21	6	3	0	0	3
AF	0	68.690096	12	9	3	3	0	0	3
AF	0	68.730032	19	14	5	4	0	0	4
AF	0	68.769968	20	15	5	2	0	0	2
AF	0	68.809904	26	21	5	3	0	0	3
AF	0	68.849840	31	22	9	9	0	0	9
AF	0	68.889776	30	19	11	6	0	0	6
AF	0	68.929712	31	21	10	1	0	0	1
AF	0	68.969649	30	20	10	6	0	0	6
AF	0	69.009585	25	15	10	2	0	0	2
AF	0	69.049521	30	24	6	4	0	0	4
AF	0	69.089457	22	13	9	4	0	0	4
AF	0	69.129393	22	17	5	9	0	0	9
AF	0	69.169329	26	15	11	6	0	0	6
AF	0	69.209265	20	12	8	3	0	0	3
AF	0	69.249201	24	15	9	3	0	0	3
AF	0	69.289137	15	9	6	4	0	0	4
AF	0	69.329073	18	12	6	3	0	0	3
AF	0	69.369010	20	13	7	2	0	0	2
AF	0	69.408946	19	11	8	2	0	0	2
AF	0	69.448882	13	9	4	3	0	0	3
AF	0	69.488818	18	10	8	6	0	0	6
AF	0	69.528754	26	20	6	3	0	0	3
AF	0	69.568690	14	9	5	7	0	0	7
AF	0	69.608626	19	11	8	4	0	0	4
AF	0	69.648562	8	7	1	2	0	0	2
AF	0	69.688498	35	22	13	6	0	0	6
AF	0	69.728435	34	26	8	4	0	0	4
AF	0	69.768371	27	21	6	5	0	0	5
AF	0	69.808307	27	21	6	2	0	0	2
AF	0	69.848243	19	15	4	2	0	0	2
AF	0	69.888179	22	12	10	2	0	0	2
AF	0	69.928115	14	13	1	4	0	0	4
AF	0	69.968051	24	16	8	4	0	0	4
AF	0	70.007987	16	14	2	3	0	0	3
AF	0	70.047923	20	15	5	3	0	0	3
AF	0	70.087859	33	17	16	1	0	0	1
AF	0	70.127796	33	19	14	3	0	0	3
AF	0	70.167732	19	19	0	3	0	0	3
AF	0	70.207668	24	18	6	2	0	0	2
AF	0	70.247604	16	12	4	6	0	0	6
AF	0	70.287540	16	11	5	3	0	0	3
AF	0	70.327476	23	15	8	4	0	0	4
AF	0	70.367412	34	22	12	1	0	0	1
AF	0	70.407348	23	15	8	6	0	0	6
AF	0	70.447284	20	16	4	2	0	0	2
AF	0	70.487220	28	15	13	6	0	0	6
AF	0	70.527157	32	24	8	3	0	0	3
AF	0	70.567093	21	16	5	1	0	0	1
AF	0	70.607029	33	23	10	5	0	0	5
AF	0	70.646965	15	11	4	3	0	0	3
AF	0	70.686901	30	22	8	6	0	0	6
AF	0	70.726837	25	13	12	0	0	0	0
AF	0	70.766773	14	12	2	2	0	0	2
AF	0	70.806709	20	15	5	5	0	0	5
AF	0	70.846645	20	15	5	3	0	0	3
AF	0	70.886581	18	12	6	2	0	0	2
AF	0	70.926518	18	12	6	1	0	0	1
AF	0	70.966454	26	20	6	3	0	0	3
AF	0	71.006390	35	24	11	2	0	0	2
AF	0	71.046326	23	14	9	5	0	0	5
AF	0	71.086262	24	14	10	3	0	0	3
AF	0	71.126198	24	19	5	3	0	0	3
AF	0	71.166134	20	17	3	3	0	0	3
AF	0	71.206070	19	15	4	7	0	0	7
AF	0	71.246006	18	10	8	3	0	0	3
AF	0	71.285942	17	13	4	2	0	0	2
AF	0	71.325879	17	10	7	4	0	0	4
AF	0	71.365815	24	16	8	2	0	0	2
AF	0	71.405751	22	11	11	3	0	0	3
AF	0	71.445687	31	24	7	4	0	0	4
AF	0	71.485623	22	17	5	4	0	0	4
AF	0	71.525559	19	12	7	3	0	0	3
AF	0	71.565495	20	9	11	2	0	0	2
AF	0	71.605431	27	22	5	6	0	0	6
AF	0	71.645367	15	12	3	1	0	0	1
AF	0	71.685304	17	14	3	0	0	0	0
AF	0	71.725240	39	25	14	5	0	0	5
AF	0	71.765176	23	17	6	4	0	0	4
AF	0	71.805112	27	18	9	3	0	0	3
AF	0	71.845048	14	11	3	3	0	0	3
AF	0	71.884984	11	10	1	3	0	0	3
AF	0	71.924920	17	11	6	4	0	0	4
AF	0	71.964856	17	11	6	3	0	0	3
AF	0	72.004792	14	11	3	1	0	0	1
AF	0	72.044728	24	11	13	4	0	0	4
AF	0	72.084665	23	16	7	8	0	0	8
AF	0	72.124601	22	17	5	4	0	0	4
AF	0	72.164537	17	11	6	2	0	0	2
AF	0	72.204473	21	16	5	2	0	0	2
AF	0	72.244409	13	10	3	1	0	0	1
AF	0	72.284345	26	19	7	2	0	0	2
AF	0	72.324281	22	14	8	4	0	0	4
AF	0	72.364217	25	18	7	3	0	0	3
AF	0	72.404153	25	22	3	6	0	0	6
AF	0	72.444089	22	13	9	4	0	0	4
AF	0	72.484026	19	12	7	4	0	0	4
AF	0	72.523962	19	12	7	3	0	0	3
AF	0	72.563898	20	15	5	8	0	0	8
AF	0	72.603834	22	12	10	1	0	0	1
AF	0	72.643770	32	22	10	3	0	0	3
AF	0	72.683706	20	14	6	2	0	0	2
AF	0	72.723642	18	12	6	5	0	0	5
AF	0	72.763578	22	13	9	1	0	0	1
AF	0	72.803514	24	17	7	2	0	0	2
AF	0	72.843450	19	14	5	1	0	0	1
AF	0	72.883387	15	9	6	3	0	0	3
AF	0	72.923323	16	14	2	2	0	0	2
AF	0	72.963259	18	10	8	2	0	0	2
AF	0	73.003195	22	17	5	2	0	0	2
AF	0	73.043131	18	15	3	1	0	0	1
AF	0	73.083067	19	12	7	1	0	0	1
AF	0	73.123003	20	14	6	4	0	0	4
AF	0	73.162939	19	14	5	2	0	0	2
AF	0	73.202875	17	10	7	6	0	0	6
AF	0	73.242812	15	9	6	3	0	0	3
AF	0	73.282748	27	21	6	5	0	0	5
AF	0	73.322684	20	12	8	4	0	0	4
AF	0	73.362620	15	11	4	2	0	0	2
AF	0	73.402556	13	7	6	3	0	0	3
AF	0	73.442492	15	10	5	0	0	0	0
AF	0	73.482428	13	8	5	1	0	0	1
AF	0	73.522364	13	9	4	2	0	0	2
AF	0	73.562300	17	11	6	3	0	0	3
AF	0	73.602236	22	17	5	6	0	0	6
AF	0	73.642173	25	20	5	5	0	0	5
AF	0	73.682109	15	8	7	5	0	0	5
AF	0	73.722045	21	14	7	5	0	0	5
AF	0	73.761981	29	17	12	2	0	0	2
AF	0	73.801917	42	26	16	5	0	0	5
AF	0	73.841853	35	27	8	5	0	0	5
AF	0	73.881789	41	32	9	2	0	0	2
AF	0	73.921725	17	13	4	2	0	0	2
AF	0	73.961661	12	7	5	3	0	0	3
AF	0	74.001597	25	19	6	5	0	0	5
AF	0	74.041534	23	17	6	1	0	0	1
AF	0	74.081470	14	9	5	0	0	0	0
AF	0	74.121406	17	11	6	3	0	0	3
AF	0	74.161342	10	7	3	3	0	0	3
AF	0	74.201278	12	9	3	2	0	0	2
AF	0	74.241214	13	8	5	2	0	0	2
AF	0	74.281150	18	15	3	5	0	0	5
AF	0	74.321086	15	9	6	5	0	0	5
AF	0	74.361022	20	17	3	3	0	0	3
AF	0	74.400958	21	17	4	1	0	0	1
AF	0	74.440895	16	13	3	1	0	0	1
AF	0	74.480831	11	8	3	4	0	0	4
AF	0	74.520767	12	8	4	1	0	0	1
AF	0	74.560703	36	30	6	5	0	0	5
AF	0	74.600639	33	25	8	5	0	0	5
AF	0	74.640575	34	25	9	3	0	0	3
AF	0	74.680511	16	9	7	1	0	0	1
AF	0	74.720447	15	12	3	2	0	0	2
AF	0	74.760383	13	6	7	2	0	0	2
AF	0	74.800319	24	16	8	4	0	0	4
AF	0	74.840256	16	14	2	2	0	0	2
AF	0	74.880192	10	7	3	2	0	0	2
AF	0	74.920128	12	9	3	1	0	0	1
AF	0	74.960064	12	12	0	0	0	0	0
AF	0	75.000000	21	16	5	2	0	0	2
AF	0	75.039936	20	13	7	2	0	0	2
AF	0	75.079872	13	11	2	4	0	0	4
AF	0	75.119808	20	15	5	3	0	0	3
AF	0	75.159744	13	9	4	4	0	0	4
AF	0	75.199681	27	17	10	2	0	0	2
AF	0	75.239617	13	7	6	1	0	0	1
AF	0	75.279553	21	16	5	2	0	0	2
AF	0	75.319489	13	9	4	3	0	0	3
AF	0	75.359425	22	14	8	2	0	0	2
AF	0	75.399361	22	13	9	1	0	0	1
AF	0	75.439297	9	5	4	3	0	0	3
AF	0	75.479233	15	12	3	4	0	0	4
AF	0	75.519169	20	11	9	5	0	0	5
AF	0	75.559105	10	7	3	3	0	0	3
AF	0	75.599042	13	12	1	1	0	0	1
AF	0	75.638978	11	8	3	2	0	0	2
AF	0	75.678914	9	7	2	1	0	0	1
AF	0	75.718850	7	6	1	1	0	0	1
AF	0	75.758786	7	4	3	1	0	0	1
AF	0	75.798722	16	9	7	2	0	0	2
AF	0	75.838658	9	5	4	4	0	0	4
AF	0	75.878594	13	7	6	3	0	0	3
AF	0	75.918530	15	10	5	0	0	0	0
AF	0	75.958466	21	17	4	7	0	0	7
AF	0	75.998403	21	15	6	2	0	0	2
AF	0	76.038339	18	12	6	6	0	0	6
AF	0	76.078275	10	7	3	1	0	0	1
AF	0	76.118211	28	16	12	3	0	0	3
AF	0	76.158147	11	8	3	5	0	0	5
AF	0	76.198083	17	12	5	3	0	0	3
AF	0	76.238019	18	13	5	2	0	0	2
AF	0	76.277955	19	12	7	0	0	0	0
AF	0	76.317891	15	9	6	1	0	0	1
AF	0	76.357827	17	10	7	1	0	0	1
AF	0	76.397764	14	9	5	3	0	0	3
AF	0	76.437700	18	14	4	2	0	0	2
AF	0	76.477636	11	6	5	1	0	0	1
AF	0	76.517572	24	13	11	4	0	0	4
AF	0	76.557508	10	8	2	5	0	0	5
AF	0	76.597444	17	12	5	4	0	0	4
AF	0	76.637380	21	13	8	1	0	0	1
AF	0	76.677316	26	17	9	3	0	0	3
AF	0	76.717252	12	9	3	2	0	0	2
AF	0	76.757188	25	22	3	1	0	0	1
AF	0	76.797125	44	32	12	1	0	0	1
AF	0	76.837061	15	15	0	0	0	0	0
AF	0	76.876997	13	11	2	1	0	0	1
AF	0	76.916933	14	9	5	2	0	0	2
AF	0	76.956869	21	11	10	2	0	0	2
AF	0	76.996805	16	9	7	0	0	0	0
AF	0	77.036741	15	12	3	3	0	0	3
AF	0	77.076677	12	11	1	2	0	0	2
AF	0	77.116613	15	11	4	4	0	0	4
AF	0	77.156550	15	9	6	4	0	0	4
AF	0	77.196486	11	8	3	4	0	0	4
AF	0	77.236422	9	9	0	1	0	0	1
AF	0	77.276358	6	2	4	0	0	0	0
AF	0	77.316294	16	13	3	4	0	0	4
AF	0	77.356230	21	16	5	1	0	0	1
AF	0	77.396166	24	16	8	1	0	0	1
AF	0	77.436102	16	9	7	5	0	0	5
AF	0	77.476038	23	19	4	3	0	0	3
AF	0	77.515974	16	11	5	4	0	0	4
AF	0	77.555911	15	10	5	3	0	0	3
AF	0	77.595847	20	15	5	2	0	0	2
AF	0	77.635783	23	15	8	3	0	0	3
AF	0	77.675719	23	16	7	2	0	0	2
AF	0	77.715655	27	20	7	4	0	0	4
AF	0	77.755591	18	12	6	6	0	0	6
AF	0	77.795527	11	11	0	3	0	0	3
AF	0	77.835463	17	13	4	1	0	0	1
AF	0	77.875399	11	9	2	2	0	0	2
AF	0	77.915335	9	8	1	7	0	0	7
AF	0	77.955272	20	14	6	2	0	0	2
AF	0	77.995208	22	14	8	2	0	0	2
AF	0	78.035144	19	13	6	4	0	0	4
AF	0	78.075080	11	9	2	1	0	0	1
AF	0	78.115016	23	17	6	2	0	0	2
AF	0	78.154952	16	15	1	3	0	0	3
AF	0	78.194888	8	3	5	1	0	0	1
AF	0	78.234824	11	7	4	2	0	0	2
AF	0	78.274760	12	9	3	2	0	0	2
AF	0	78.314696	12	8	4	0	0	0	0
AF	0	78.354633	23	12	11	0	0	0	0
AF	0	78.394569	10	7	3	4	0	0	4
AF	0	78.434505	9	6	3	3	0	0	3
AF	0	78.474441	11	7	4	3	0	0	3
AF	0	78.514377	15	14	1	2	0	0	2
AF	0	78.554313	13	12	1	2	0	0	2
AF	0	78.594249	6	4	2	3	0	0	3
AF	0	78.634185	10	6	4	2	0	0	2
AF	0	78.674121	12	8	4	2	0	0	2
AF	0	78.714058	11	6	5	0	0	0	0
AF	0	78.753994	8	3	5	3	0	0	3
AF	0	78.793930	14	10	4	0	0	0	0
AF	0	78.833866	9	6	3	1	0	0	1
AF	0	78.873802	11	7	4	2	0	0	2
AF	0	78.913738	20	13	7	6	0	0	6
AF	0	78.953674	9	5	4	2	0	0	2
AF	0	78.993610	13	10	3	5	0	0	5
AF	0	79.033546	15	10	5	1	0	0	1
AF	0	79.073482	18	12	6	0	0	0	0
AF	0	79.113419	15	11	4	2	0	0	2
AF	0	79.153355	15	10	5	2	0	0	2
AF	0	79.193291	4	4	0	2	0	0	2
AF	0	79.233227	7	5	2	3	0	0	3
AF	0	79.273163	8	4	4	2	0	0	2
AF	0	79.313099	13	8	5	3	0	0	3
AF	0	79.353035	13	8	5	1	0	0	1
AF	0	79.392971	8	6	2	2	0	0	2
AF	0	79.432907	13	6	7	4	0	0	4
AF	0	79.472843	10	5	5	5	0	0	5
AF	0	79.512780	11	7	4	5	0	0	5
AF	0	79.552716	13	5	8	4	0	0	4
AF	0	79.592652	14	8	6	4	0	0	4
AF	0	79.632588	23	14	9	1	0	0	1
AF	0	79.672524	21	10	11	0	0	0	0
AF	0	79.712460	13	11	2	2	0	0	2
AF	0	79.752396	12	8	4	2	0	0	2
AF	0	79.792332	19	14	5	3	0	0	3
AF	0	79.832268	14	10	4	4	0	0	4
AF	0	79.872204	30	25	5	3	0	0	3
AF	0	79.912141	22	11	11	0	0	0	0
AF	0	79.952077	11	7	4	0	0	0	0
AF	0	79.992013	8	5	3	1	0	0	1
AF	0	80.031949	17	13	4	0	0	0	0
AF	0	80.071885	13	6	7	2	0	0	2
AF	0	80.111821	12	7	5	6	0	0	6
AF	0	80.151757	8	6	2	1	0	0	1
AF	0	80.191693	16	9	7	2	0	0	2
AF	0	80.231629	18	15	3	7	0	0	7
AF	0	80.271565	17	12	5	7	0	0	7
AF	0	80.311502	29	20	9	3	0	0	3
AF	0	80.351438	40	28	12	3	0	0	3
AF	0	80.391374	32	22	10	4	0	0	4
AF	0	80.431310	25	18	7	0	0	0	0
AF	0	80.471246	15	11	4	2	0	0	2
AF	0	80.511182	20	14	6	2	0	0	2
AF	0	80.551118	17	12	5	5	0	0	5
AF	0	80.591054	16	12	4	4	0	0	4
AF	0	80.630990	14	8	6	3	0	0	3
AF	0	80.670927	20	14	6	0	0	0	0
AF	0	80.710863	16	9	7	1	0	0	1
AF	0	80.750799	14	10	4	3	0	0	3
AF	0	80.790735	20	16	4	0	0	0	0
AF	0	80.830671	22	18	4	6	0	0	6
AF	0	80.870607	37	24	13	0	0	0	0
AF	0	80.910543	17	12	5	1	0	0	1
AF	0	80.950479	14	10	4	3	0	0	3
AF	0	80.990415	17	13	4	1	0	0	1
AF	0	81.030351	16	11	5	0	0	0	0
AF	0	81.070288	18	14	4	3	0	0	3
AF	0	81.110224	16	11	5	3	0	0	3
AF	0	81.150160	15	12	3	3	0	0	3
AF	0	81.190096	18	13	5	3	0	0	3
AF	0	81.230032	11	9	2	2	0	0	2
AF	0	81.269968	18	10	8	1	0	0	1
AF	0	81.309904	25	20	5	3	0	0	3
AF	0	81.349840	22	14	8	2	0	0	2
AF	0	81.389776	8	7	1	4	0	0	4
AF	0	81.429712	18	12	6	2	0	0	2
AF	0	81.469649	20	15	5	2	0	0	2
AF	0	81.509585	16	10	6	0	0	0	0
AF	0	81.549521	11	7	4	1	0	0	1
AF	0	81.589457	13	7	6	2	0	0	2
AF	0	81.629393	24	17	7	3	0	0	3
AF	0	81.669329	16	13	3	4	0	0	4
AF	0	81.709265	13	9	4	3	0	0	3
AF	0	81.749201	17	14	3	2	0	0	2
AF	0	81.789137	17	15	2	4	0	0	4
AF	0	81.829073	10	7	3	0	0	0	0
AF	0	81.869010	13	6	7	4	0	0	4
AF	0	81.908946	11	6	5	1	0	0	1
AF	0	81.948882	26	22	4	5	0	0	5
AF	0	81.988818	18	11	7	3	0	0	3
AF	0	82.028754	11	6	5	1	0	0	1
AF	0	82.068690	5	4	1	2	0	0	2
AF	0	82.108626	10	5	5	2	0	0	2
AF	0	82.148562	15	12	3	1	0	0	1
AF	0	82.188498	15	11	4	1	0	0	1
AF	0	82.228435	20	14	6	2	0	0	2
AF	0	82.268371	18	14	4	6	0	0	6
AF	0	82.308307	15	11	4	3	0	0	3
AF	0	82.348243	18	11	7	6	0	0	6
AF	0	82.388179	17	12	5	1	0	0	1
AF	0	82.428115	15	8	7	3	0	0	3
AF	0	82.468051	19	15	4	9	0	0	9
AF	0	82.507987	11	8	3	1	0	0	1
AF	0	82.547923	18	17	1	0	0	0	0
AF	0	82.587859	22	19	3	2	0	0	2
AF	0	82.627796	12	8	4	3	0	0	3
AF	0	82.667732	31	21	10	4	0	0	4
AF	0	82.707668	18	16	2	2	0	0	2
AF	0	82.747604	10	8	2	2	0	0	2
AF	0	82.787540	17	13	4	3	0	0	3
AF	0	82.827476	11	7	4	2	0	0	2
AF	0	82.867412	19	18	1	0	0	0	0
AF	0	82.907348	14	10	4	4	0	0	4
AF	0	82.947284	22	17	5	3	0	0	3
AF	0	82.987220	21	15	6	2	0	0	2
AF	0	83.027157	18	13	5	3	0	0	3
AF	0	83.067093	8	6	2	3	0	0	3
AF	0	83.107029	17	13	4	3	0	0	3
AF	0	83.146965	11	7	4	0	0	0	0
AF	0	83.186901	16	12	4	3	0	0	3
AF	0	83.226837	19	11	8	3	0	0	3
AF	0	83.266773	20	14	6	5	0	0	5
AF	0	83.306709	10	8	2	1	0	0	1
AF	0	83.346645	22	14	8	2	0	0	2
AF	0	83.386581	25	17	8	2	0	0	2
AF	0	83.426518	9	6	3	1	0	0	1
AF	0	83.466454	15	11	4	3	0	0	3
AF	0	83.506390	16	11	5	4	0	0	4
AF	0	83.546326	15	12	3	4	0	0	4
AF	0	83.586262	11	8	3	1	0	0	1
AF	0	83.626198	17	9	8	4	0	0	4
AF	0	83.666134	12	6	6	2	0	0	2
AF	0	83.706070	17	9	8	5	0	0	5
AF	0	83.746006	13	10	3	1	0	0	1
AF	0	83.785942	18	11	7	1	0	0	1
AF	0	83.825879	14	12	2	2	0	0	2
AF	0	83.865815	17	15	2	4	0	0	4
AF	0	83.905751	16	10	6	1	0	0	1
AF	0	83.945687	17	10	7	0	0	0	0
AF	0	83.985623	24	18	6	4	0	0	4
AF	0	84.025559	31	26	5	5	0	0	5
AF	0	84.065495	22	16	6	7	0	0	7
AF	0	84.105431	38	29	9	2	0	0	2
AF	0	84.145367	9	8	1	2	0	0	2
AF	0	84.185304	17	14	3	1	0	0	1
AF	0	84.225240	11	8	3	2	0	0	2
AF	0	84.265176	16	15	1	4	0	0	4
AF	0	84.305112	17	16	1	1	0	0	1
AF	0	84.345048	18	10	8	4	0	0	4
AF	0	84.384984	19	13	6	1	0	0	1
AF	0	84.424920	22	19	3	3	0	0	3
AF	0	84.464856	32	16	16	6	0	0	6
AF	0	84.504792	15	12	3	4	0	0	4
AF	0	84.544728	12	7	5	6	0	0	6
AF	0	84.584665	30	26	4	2	0	0	2
AF	0	84.624601	16	12	4	1	0	0	1
AF	0	84.664537	15	10	5	3	0	0	3
AF	0	84.704473	18	15	3	0	0	0	0
AF	0	84.744409	12	8	4	0	0	0	0
AF	0	84.784345	12	10	2	1	0	0	1
AF	0	84.824281	19	17	2	0	0	0	0
AF	0	84.864217	13	8	5	1	0	0	1
AF	0	84.904153	11	6	5	1	0	0	1
AF	0	84.944089	18	16	2	1	0	0	1
AF	0	84.984026	23	14	9	0	0	0	0
AF	0	85.023962	23	22	1	2	0	0	2
AF	0	85.063898	29	24	5	4	0	0	4
AF	0	85.103834	24	15	9	5	0	0	5
AF	0	85.143770	17	13	4	3	0	0	3
AF	0	85.183706	16	13	3	1	0	0	1
AF	0	85.223642	16	14	2	1	0	0	1
AF	0	85.263578	16	10	6	3	0	0	3
AF	0	85.303514	8	6	2	2	0	0	2
AF	0	85.343450	9	8	1	3	0	0	3
AF	0	85.383387	8	5	3	2	0	0	2
AF	0	85.423323	12	10	2	1	0	0	1
AF	0	85.463259	8	7	1	0	0	0	0
AF	0	85.503195	13	8	5	4	0	0	4
AF	0	85.543131	9	7	2	2	0	0	2
AF	0	85.583067	8	8	0	4	0	0	4
AF	0	85.623003	14	10	4	2	0	0	2
AF	0	85.662939	8	4	4	1	0	0	1
AF	0	85.702875	16	10	6	4	0	0	4
AF	0	85.742812	17	13	4	5	0	0	5
AF	0	85.782748	18	13	5	1	0	0	1
AF	0	85.822684	17	11	6	0	0	0	0
AF	0	85.862620	21	13	8	0	0	0	0
AF	0	85.902556	12	9	3	1	0	0	1
AF	0	85.942492	12	10	2	1	0	0	1
AF	0	85.982428	9	6	3	0	0	0	0
AF	0	86.022364	12	9	3	1	0	0	1
AF	0	86.062300	11	10	1	1	0	0	1
AF	0	86.102236	13	9	4	3	0	0	3
AF	0	86.142173	15	11	4	3	0	0	3
AF	0	86.182109	14	12	2	0	0	0	0
AF	0	86.222045	10	6	4	0	0	0	0
AF	0	86.261981	16	12	4	3	0	0	3
AF	0	86.301917	19	15	4	2	0	0	2
AF	0	86.341853	23	12	11	2	0	0	2
AF	0	86.381789	17	13	4	1	0	0	1
AF	0	86.421725	23	16	7	3	0	0	3
AF	0	86.461661	23	11	12	0	0	0	0
AF	0	86.501597	18	13	5	1	0	0	1
AF	0	86.541534	22	18	4	2	0	0	2
AF	0	86.581470	14	7	7	8	0	0	8
AF	0	86.621406	16	11	5	1	0	0	1
AF	0	86.661342	11	10	1	2	0	0	2
AF	0	86.701278	9	5	4	3	0	0	3
AF	0	86.741214	18	14	4	2	0	0	2
AF	0	86.781150	23	12	11	2	0	0	2
AF	0	86.821086	13	9	4	2	0	0	2
AF	0	86.861022	23	17	6	0	0	0	0
AF	0	86.900958	9	4	5	3	0	0	3
AF	0	86.940895	18	13	5	4	0	0	4
AF	0	86.980831	11	6	5	3	0	0	3
AF	0	87.020767	24	18	6	1	0	0	1
AF	0	87.060703	17	14	3	3	0	0	3
AF	0	87.100639	17	11	6	0	0	0	0
AF	0	87.140575	17	13	4	1	0	0	1
AF	0	87.180511	18	12	6	1	0	0	1
AF	0	87.220447	11	6	5	0	0	0	0
AF	0	87.260383	20	11	9	2	0	0	2
AF	0	87.300319	12	11	1	1	0	0	1
AF	0	87.340256	10	7	3	2	0	0	2
AF	0	87.380192	15	9	6	2	0	0	2
AF	0	87.420128	10	8	2	3	0	0	3
AF	0	87.460064	9	6	3	1	0	0	1
AF	0	87.500000	12	9	3	1	0	0	1
AF	0	87.539936	17	12	5	2	0	0	2
AF	0	87.579872	14	11	3	2	0	0	2
AF	0	87.619808	17	12	5	3	0	0	3
AF	0	87.659744	22	17	5	3	0	0	3
AF	0	87.699681	17	8	9	4	0	0	4
AF	0	87.739617	10	6	4	0	0	0	0
AF	0	87.779553	13	8	5	1	0	0	1
AF	0	87.819489	13	9	4	1	0	0	1
AF	0	87.859425	23	14	9	0	0	0	0
AF	0	87.899361	9	6	3	0	0	0	0
AF	0	87.939297	12	9	3	2	0	0	2
AF	0	87.979233	18	13	5	3	0	0	3
AF	0	88.019169	11	8	3	4	0	0	4
AF	0	88.059105	14	12	2	3	0	0	3
AF	0	88.099042	15	9	6	0	0	0	0
AF	0	88.138978	20	16	4	4	0	0	4
AF	0	88.178914	9	5	4	2	0	0	2
AF	0	88.218850	14	8	6	0	0	0	0
AF	0	88.258786	7	4	3	3	0	0	3
AF	0	88.298722	17	13	4	0	0	0	0
AF	0	88.338658	14	8	6	1	0	0	1
AF	0	88.378594	7	3	4	1	0	0	1
AF	0	88.418530	9	8	1	2	0	0	2
AF	0	88.458466	11	8	3	4	0	0	4
AF	0	88.498403	14	7	7	3	0	0	3
AF	0	88.538339	14	10	4	1	0	0	1
AF	0	88.578275	10	6	4	3	0	0	3
AF	0	88.618211	6	5	1	4	0	0	4
AF	0	88.658147	12	7	5	1	0	0	1
AF	0	88.698083	14	10	4	0	0	0	0
AF	0	88.738019	10	6	4	0	0	0	0
AF	0	88.777955	16	11	5	0	0	0	0
AF	0	88.817891	18	13	5	2	0	0	2
AF	0	88.857827	8	3	5	0	0	0	0
AF	0	88.897764	6	5	1	0	0	0	0
AF	0	88.937700	11	9	2	0	0	0	0
AF	0	88.977636	8	7	1	1	0	0	1
AF	0	89.017572	9	5	4	1	0	0	1
AF	0	89.057508	9	4	5	1	0	0	1
AF	0	89.097444	8	5	3	0	0	0	0
AF	0	89.137380	9	8	1	0	0	0	0
AF	0	89.177316	13	7	6	3	0	0	3
AF	0	89.217252	20	14	6	0	0	0	0
AF	0	89.257188	9	7	2	1	0	0	1
AF	0	89.297125	11	6	5	0	0	0	0
AF	0	89.337061	17	13	4	2	0	0	2
AF	0	89.376997	9	7	2	3	0	0	3
AF	0	89.416933	12	8	4	2	0	0	2
AF	0	89.456869	9	5	4	4	0	0	4
AF	0	89.496805	13	9	4	0	0	0	0
AF	0	89.536741	10	7	3	2	0	0	2
AF	0	89.576677	15	10	5	3	0	0	3
AF	0	89.616613	7	5	2	3	0	0	3
AF	0	89.656550	12	7	5	0	0	0	0
AF	0	89.696486	22	20	2	1	0	0	1
AF	0	89.736422	14	10	4	2	0	0	2
AF	0	89.776358	6	5	1	0	0	0	0
AF	0	89.816294	11	3	8	0	0	0	0
AF	0	89.856230	9	8	1	0	0	0	0
AF	0	89.896166	8	6	2	0	0	0	0
AF	0	89.936102	14	9	5	2	0	0	2
AF	0	89.976038	17	10	7	1	0	0	1
AF	0	90.015974	12	9	3	2	0	0	2
AF	0	90.055911	2	2	0	3	0	0	3
AF	0	90.095847	9	5	4	0	0	0	0
AF	0	90.135783	17	12	5	0	0	0	0
AF	0	90.175719	8	6	2	3	0	0	3
AF	0	90.215655	16	11	5	0	0	0	0
AF	0	90.255591	9	5	4	2	0	0	2
AF	0	90.295527	16	9	7	2	0	0	2
AF	0	90.335463	10	6	4	3	0	0	3
AF	0	90.375399	21	14	7	3	0	0	3
AF	0	90.415335	5	4	1	0	0	0	0
AF	0	90.455272	6	3	3	2	0	0	2
AF	0	90.495208	6	5	1	4	0	0	4
AF	0	90.535144	15	12	3	0	0	0	0
AF	0	90.575080	15	11	4	0	0	0	0
AF	0	90.615016	13	10	3	2	0	0	2
AF	0	90.654952	11	7	4	1	0	0	1
AF	0	90.694888	14	10	4	1	0	0	1
AF	0	90.734824	13	8	5	3	0	0	3
AF	0	90.774760	9	8	1	2	0	0	2
AF	0	90.814696	12	8	4	0	0	0	0
AF	0	90.854633	12	4	8	3	0	0	3
AF	0	90.894569	14	8	6	1	0	0	1
AF	0	90.934505	10	9	1	1	0	0	1
AF	0	90.974441	7	5	2	3	0	0	3
AF	0	91.014377	24	16	8	1	0	0	1
AF	0	91.054313	8	6	2	0	0	0	0
AF	0	91.094249	22	19	3	0	0	0	0
AF	0	91.134185	19	11	8	2	0	0	2
AF	0	91.174121	20	14	6	2	0	0	2
AF	0	91.214058	22	16	6	2	0	0	2
AF	0	91.253994	18	10	8	2	0	0	2
AF	0	91.293930	8	6	2	4	0	0	4
AF	0	91.333866	9	8	1	1	0	0	1
AF	0	91.373802	10	6	4	1	0	0	1
AF	0	91.413738	16	11	5	1	0	0	1
AF	0	91.453674	8	7	1	3	0	0	3
AF	0	91.493610	10	5	5	0	0	0	0
AF	0	91.533546	9	5	4	0	0	0	0
AF	0	91.573482	7	3	4	1	0	0	1
AF	0	91.613419	10	10	0	3	0	0	3
AF	0	91.653355	12	6	6	2	0	0	2
AF	0	91.693291	13	8	5	2	0	0	2
AF	0	91.733227	3	3	0	2	0	0	2
AF	0	91.773163	10	8	2	0	0	0	0
AF	0	91.813099	11	8	3	1	0	0	1
AF	0	91.853035	20	15	5	1	0	0	1
AF	0	91.892971	5	4	1	0	0	0	0
AF	0	91.932907	12	9	3	3	0	0	3
AF	0	91.972843	8	5	3	3	0	0	3
AF	0	92.012780	11	8	3	1	0	0	1
AF	0	92.052716	8	7	1	1	0	0	1
AF	0	92.092652	8	3	5	2	0	0	2
AF	0	92.132588	12	9	3	1	0	0	1
AF	0	92.172524	11	9	2	1	0	0	1
AF	0	92.212460	12	10	2	2	0	0	2
AF	0	92.252396	21	16	5	2	0	0	2
AF	0	92.292332	10	8	2	0	0	0	0
AF	0	92.332268	30	22	8	2	0	0	2
AF	0	92.372204	19	15	4	2	0	0	2
AF	0	92.412141	18	11	7	1	0	0	1
AF	0	92.452077	14	10	4	3	0	0	3
AF	0	92.492013	13	8	5	1	0	0	1
AF	0	92.531949	8	4	4	0	0	0	0
AF	0	92.571885	4	3	1	2	0	0	2
AF	0	92.611821	11	7	4	1	0	0	1
AF	0	92.651757	7	7	0	0	0	0	0
AF	0	92.691693	8	6	2	0	0	0	0
AF	0	92.731629	9	6	3	1	0	0	1
AF	0	92.771565	3	2	1	2	0	0	2
AF	0	92.811502	7	4	3	2	0	0	2
AF	0	92.851438	9	6	3	2	0	0	2
AF	0	92.891374	9	5	4	2	0	0	2
AF	0	92.931310	6	4	2	1	0	0	1
AF	0	92.971246	12	11	1	1	0	0	1
AF	0	93.011182	7	6	1	3	0	0	3
AF	0	93.051118	15	9	6	2	0	0	2
AF	0	93.091054	15	11	4	2	0	0	2
AF	0	93.130990	12	7	5	4	0	0	4
AF	0	93.170927	9	6	3	1	0	0	1
AF	0	93.210863	9	5	4	0	0	0	0
AF	0	93.250799	10	9	1	0	0	0	0
AF	0	93.290735	14	11	3	4	0	0	4
AF	0	93.330671	17	13	4	2	0	0	2
AF	0	93.370607	16	12	4	2	0	0	2
AF	0	93.410543	9	3	6	4	0	0	4
AF	0	93.450479	22	13	9	1	0	0	1
AF	0	93.490415	19	14	5	0	0	0	0
AF	0	93.530351	16	10	6	1	0	0	1
AF	0	93.570288	10	8	2	0	0	0	0
AF	0	93.610224	12	8	4	3	0	0	3
AF	0	93.650160	21	14	7	0	0	0	0
AF	0	93.690096	15	9	6	0	0	0	0
AF	0	93.730032	6	5	1	3	0	0	3
AF	0	93.769968	7	4	3	3	0	0	3
AF	0	93.809904	21	14	7	2	0	0	2
AF	0	93.849840	14	11	3	2	0	0	2
AF	0	93.889776	9	6	3	0	0	0	0
AF	0	93.929712	14	9	5	4	0	0	4
AF	0	93.969649	14	11	3	4	0	0	4
AF	0	94.009585	11	8	3	1	0	0	1
AF	0	94.049521	13	8	5	2	0	0	2
AF	0	94.089457	12	7	5	2	0	0	2
AF	0	94.129393	6	5	1	3	0	0	3
AF	0	94.169329	16	10	6	4	0	0	4
AF	0	94.209265	14	10	4	0	0	0	0
AF	0	94.249201	10	6	4	5	0	0	5
AF	0	94.289137	23	14	9	0	0	0	0
AF	0	94.329073	29	24	5	4	0	0	4
AF	0	94.369010	25	17	8	2	0	0	2
AF	0	94.408946	9	8	1	1	0	0	1
AF	0	94.448882	12	8	4	0	0	0	0
AF	0	94.488818	13	10	3	1	0	0	1
AF	0	94.528754	12	7	5	1	0	0	1
AF	0	94.568690	32	21	11	3	0	0	3
AF	0	94.608626	12	10	2	1	0	0	1
AF	0	94.648562	15	11	4	0	0	0	0
AF	0	94.688498	11	8	3	0	0	0	0
AF	0	94.728435	5	2	3	1	0	0	1
AF	0	94.768371	8	8	0	0	0	0	0
AF	0	94.808307	8	7	1	2	0	0	2
AF	0	94.848243	6	4	2	2	0	0	2
AF	0	94.888179	8	5	3	2	0	0	2
AF	0	94.928115	6	2	4	2	0	0	2
AF	0	94.968051	12	9	3	3	0	0	3
AF	0	95.007987	9	7	2	3	0	0	3
AF	0	95.047923	7	5	2	0	0	0	0
AF	0	95.087859	5	3	2	1	0	0	1
AF	0	95.127796	6	5	1	2	0	0	2
AF	0	95.167732	5	5	0	1	0	0	1
AF	0	95.207668	9	7	2	1	0	0	1
AF	0	95.247604	6	6	0	0	0	0	0
AF	0	95.287540	10	8	2	1	0	0	1
AF	0	95.327476	8	6	2	1	0	0	1
AF	0	95.367412	4	4	0	1	0	0	1
AF	0	95.407348	4	3	1	1	0	0	1
AF	0	95.447284	3	3	0	2	0	0	2
AF	0	95.487220	7	4	3	0	0	0	0
AF	0	95.527157	6	4	2	1	0	0	1
AF	0	95.567093	8	6	2	3	0	0	3
AF	0	95.607029	13	8	5	0	0	0	0
AF	0	95.646965	7	5	2	0	0	0	0
AF	0	95.686901	9	6	3	1	0	0	1
AF	0	95.726837	13	8	5	2	0	0	2
AF	0	95.766773	8	4	4	0	0	0	0
AF	0	95.806709	13	6	7	3	0	0	3
AF	0	95.846645	6	5	1	1	0	0	1
AF	0	95.886581	23	16	7	2	0	0	2
AF	0	95.926518	9	7	2	1	0	0	1
AF	0	95.966454	4	1	3	0	0	0	0
AF	0	96.006390	6	2	4	1	0	0	1
AF	0	96.046326	10	6	4	1	0	0	1
AF	0	96.086262	14	10	4	3	0	0	3
AF	0	96.126198	6	5	1	1	0	0	1
AF	0	96.166134	10	6	4	3	0	0	3
AF	0	96.206070	13	8	5	2	0	0	2
AF	0	96.246006	6	5	1	2	0	0	2
AF	0	96.285942	5	4	1	0	0	0	0
AF	0	96.325879	7	4	3	2	0	0	2
AF	0	96.365815	3	1	2	3	0	0	3
AF	0	96.405751	8	5	3	2	0	0	2
AF	0	96.445687	3	1	2	1	0	0	1
AF	0	96.485623	10	7	3	1	0	0	1
AF	0	96.525559	10	8	2	0	0	0	0
AF	0	96.565495	11	6	5	2	0	0	2
AF	0	96.605431	4	3	1	0	0	0	0
AF	0	96.645367	9	7	2	2	0	0	2
AF	0	96.685304	6	6	0	1	0	0	1
AF	0	96.725240	3	2	1	1	0	0	1
AF	0	96.765176	1	1	0	1	0	0	1
AF	0	96.805112	10	5	5	2	0	0	2
AF	0	96.845048	7	4	3	2	0	0	2
AF	0	96.884984	6	3	3	1	0	0	1
AF	0	96.924920	4	3	1	0	0	0	0
AF	0	96.964856	11	6	5	1	0	0	1
AF	0	97.004792	6	3	3	4	0	0	4
AF	0	97.044728	4	4	0	0	0	0	0
AF	0	97.084665	5	5	0	3	0	0	3
AF	0	97.124601	4	2	2	2	0	0	2
AF	0	97.164537	3	2	1	1	0	0	1
AF	0	97.204473	12	9	3	0	0	0	0
AF	0	97.244409	16	11	5	2	0	0	2
AF	0	97.284345	7	5	2	2	0	0	2
AF	0	97.324281	7	5	2	2	0	0	2
AF	0	97.364217	4	4	0	1	0	0	1
AF	0	97.404153	11	9	2	2	0	0	2
AF	0	97.444089	4	3	1	1	0	0	1
AF	0	97.484026	5	3	2	1	0	0	1
AF	0	97.523962	2	2	0	1	0	0	1
AF	0	97.563898	7	5	2	3	0	0	3
AF	0	97.603834	3	2	1	1	0	0	1
AF	0	97.643770	9	8	1	2	0	0	2
AF	0	97.683706	11	7	4	1	0	0	1
AF	0	97.723642	16	10	6	2	0	0	2
AF	0	97.763578	4	4	0	0	0	0	0
AF	0	97.803514	8	6	2	1	0	0	1
AF	0	97.843450	7	4	3	0	0	0	0
AF	0	97.883387	8	6	2	1	0	0	1
AF	0	97.923323	5	5	0	0	0	0	0
AF	0	97.963259	5	2	3	0	0	0	0
AF	0	98.003195	13	10	3	0	0	0	0
AF	0	98.043131	6	4	2	2	0	0	2
AF	0	98.083067	12	9	3	1	0	0	1
AF	0	98.123003	12	7	5	2	0	0	2
AF	0	98.162939	8	3	5	1	0	0	1
AF	0	98.202875	21	13	8	3	0	0	3
AF	0	98.242812	23	16	7	4	0	0	4
AF	0	98.282748	19	15	4	0	0	0	0
AF	0	98.322684	15	12	3	4	0	0	4
AF	0	98.362620	8	7	1	1	0	0	1
AF	0	98.402556	10	8	2	2	0	0	2
AF	0	98.442492	6	4	2	1	0	0	1
AF	0	98.482428	11	6	5	0	0	0	0
AF	0	98.522364	10	7	3	2	0	0	2
AF	0	98.562300	22	12	10	6	0	0	6
AF	0	98.602236	12	9	3	1	0	0	1
AF	0	98.642173	14	10	4	2	0	0	2
AF	0	98.682109	10	5	5	1	0	0	1
AF	0	98.722045	14	10	4	2	0	0	2
AF	0	98.761981	13	11	2	2	0	0	2
AF	0	98.801917	11	7	4	5	0	0	5
AF	0	98.841853	11	7	4	4	0	0	4
AF	0	98.881789	9	6	3	0	0	0	0
AF	0	98.921725	15	11	4	2	0	0	2
AF	0	98.961661	16	11	5	2	0	0	2
AF	0	99.001597	9	5	4	3	0	0	3
AF	0	99.041534	13	9	4	3	0	0	3
AF	0	99.081470	5	2	3	3	0	0	3
AF	0	99.121406	2	1	1	1	0	0	1
AF	0	99.161342	17	10	7	3	0	0	3
AF	0	99.201278	12	11	1	3	0	0	3
AF	0	99.241214	12	8	4	2	0	0	2
AF	0	99.281150	20	18	2	1	0	0	1
AF	0	99.321086	12	9	3	2	0	0	2
AF	0	99.361022	15	11	4	4	0	0	4
AF	0	99.400958	18	10	8	3	0	0	3
AF	0	99.440895	15	11	4	3	0	0	3
AF	0	99.480831	15	7	8	9	0	0	9
AF	0	99.520767	28	20	8	3	0	0	3
AF	0	99.560703	21	16	5	0	0	0	0
AF	0	99.600639	14	11	3	3	0	0	3
AF	0	99.640575	20	18	2	4	0	0	4
AF	0	99.680511	29	21	8	6	0	0	6
AF	0	99.720447	32	27	5	7	0	0	7
AF	0	99.760383	19	8	11	5	0	0	5
AF	0	99.800319	34	25	9	6	0	0	6
AF	0	99.840256	30	24	6	5	0	0	5
AF	0	99.880192	46	31	15	9	0	0	9
AF	0	99.920128	81	53	28	80	0	0	80
AF	0	99.960064	597	309	288	286	0	0	286
# QUAL, Stats by quality:
# QUAL	[2]id	[3]Quality	[4]number of SNPs	[5]number of transitions (1st ALT)	[6]number of transversions (1st ALT)	[7]number of indels
QUAL	0	100	1060388	748202	311941	43230
# IDD, InDel distribution:
# IDD	[2]id	[3]length (deletions negative)	[4]count
IDD	0	-60	10
IDD	0	-58	1
IDD	0	-57	1
IDD	0	-56	2
IDD	0	-54	2
IDD	0	-53	2
IDD	0	-51	2
IDD	0	-50	2
IDD	0	-48	4
IDD	0	-47	3
IDD	0	-46	3
IDD	0	-45	3
IDD	0	-44	1
IDD	0	-43	3
IDD	0	-42	4
IDD	0	-41	2
IDD	0	-40	2
IDD	0	-39	8
IDD	0	-38	11
IDD	0	-37	5
IDD	0	-36	8
IDD	0	-35	7
IDD	0	-34	6
IDD	0	-33	12
IDD	0	-32	15
IDD	0	-31	12
IDD	0	-30	16
IDD	0	-29	19
IDD	0	-28	36
IDD	0	-27	25
IDD	0	-26	32
IDD	0	-25	42
IDD	0	-24	43
IDD	0	-23	37
IDD	0	-22	53
IDD	0	-21	49
IDD	0	-20	72
IDD	0	-19	77
IDD	0	-18	74
IDD	0	-17	95
IDD	0	-16	115
IDD	0	-15	126
IDD	0	-14	152
IDD	0	-13	187
IDD	0	-12	271
IDD	0	-11	182
IDD	0	-10	282
IDD	0	-9	291
IDD	0	-8	435
IDD	0	-7	330
IDD	0	-6	653
IDD	0	-5	976
IDD	0	-4	3205
IDD	0	-3	2881
IDD	0	-2	4897
IDD	0	-1	12035
IDD	0	1	9598
IDD	0	2	2313
IDD	0	3	1038
IDD	0	4	1551
IDD	0	5	503
IDD	0	6	369
IDD	0	7	204
IDD	0	8	322
IDD	0	9	149
IDD	0	10	125
IDD	0	11	73
IDD	0	12	120
IDD	0	13	65
IDD	0	14	41
IDD	0	15	57
IDD	0	16	63
IDD	0	17	26
IDD	0	18	36
IDD	0	19	36
IDD	0	20	50
IDD	0	21	33
IDD	0	22	24
IDD	0	23	10
IDD	0	24	42
IDD	0	25	24
IDD	0	26	7
IDD	0	27	9
IDD	0	28	11
IDD	0	29	8
IDD	0	30	12
IDD	0	31	7
IDD	0	32	11
IDD	0	33	9
IDD	0	34	8
IDD	0	35	4
IDD	0	36	5
IDD	0	37	2
IDD	0	38	8
IDD	0	39	4
IDD	0	40	3
IDD	0	41	2
IDD	0	42	1
IDD	0	43	3
IDD	0	45	4
IDD	0	46	1
IDD	0	47	1
IDD	0	48	3
IDD	0	49	1
IDD	0	51	1
IDD	0	52	3
IDD	0	54	2
IDD	0	55	1
IDD	0	58	1
IDD	0	59	1
IDD	0	60	21
# ST, Substitution types:
# ST	[2]id	[3]type	[4]count
ST	0	A>C	31868
ST	0	A>G	120028
ST	0	A>T	27438
ST	0	C>A	47751
ST	0	C>G	50646
ST	0	C>T	254995
ST	0	G>A	255739
ST	0	G>C	50365
ST	0	G>T	48260
ST	0	T>A	26719
ST	0	T>C	119272
ST	0	T>G	31421
# DP, Depth distribution
# DP	[2]id	[3]bin	[4]number of genotypes	[5]fraction of genotypes (%)	[6]number of sites	[7]fraction of sites (%)
DP	0	140	0	0.000000	1	0.000091
DP	0	155	0	0.000000	1	0.000091
DP	0	196	0	0.000000	1	0.000091
DP	0	248	0	0.000000	1	0.000091
DP	0	259	0	0.000000	1	0.000091
DP	0	260	0	0.000000	1	0.000091
DP	0	279	0	0.000000	1	0.000091
DP	0	287	0	0.000000	1	0.000091
DP	0	289	0	0.000000	1	0.000091
DP	0	301	0	0.000000	1	0.000091
DP	0	304	0	0.000000	1	0.000091
DP	0	317	0	0.000000	1	0.000091
DP	0	318	0	0.000000	1	0.000091
DP	0	319	0	0.000000	1	0.000091
DP	0	327	0	0.000000	1	0.000091
DP	0	329	0	0.000000	1	0.000091
DP	0	336	0	0.000000	2	0.000181
DP	0	341	0	0.000000	1	0.000091
DP	0	346	0	0.000000	2	0.000181
DP	0	351	0	0.000000	1	0.000091
DP	0	352	0	0.000000	1	0.000091
DP	0	353	0	0.000000	1	0.000091
DP	0	354	0	0.000000	2	0.000181
DP	0	355	0	0.000000	1	0.000091
DP	0	358	0	0.000000	1	0.000091
DP	0	359	0	0.000000	1	0.000091
DP	0	364	0	0.000000	1	0.000091
DP	0	365	0	0.000000	1	0.000091
DP	0	370	0	0.000000	1	0.000091
DP	0	376	0	0.000000	1	0.000091
DP	0	383	0	0.000000	1	0.000091
DP	0	403	0	0.000000	1	0.000091
DP	0	404	0	0.000000	1	0.000091
DP	0	409	0	0.000000	1	0.000091
DP	0	412	0	0.000000	1	0.000091
DP	0	413	0	0.000000	2	0.000181
DP	0	416	0	0.000000	1	0.000091
DP	0	420	0	0.000000	1	0.000091
DP	0	423	0	0.000000	1	0.000091
DP	0	429	0	0.000000	1	0.000091
DP	0	431	0	0.000000	2	0.000181
DP	0	441	0	0.000000	1	0.000091
DP	0	443	0	0.000000	1	0.000091
DP	0	445	0	0.000000	1	0.000091
DP	0	446	0	0.000000	1	0.000091
DP	0	447	0	0.000000	1	0.000091
DP	0	448	0	0.000000	1	0.000091
DP	0	454	0	0.000000	1	0.000091
DP	0	455	0	0.000000	1	0.000091
DP	0	458	0	0.000000	1	0.000091
DP	0	461	0	0.000000	1	0.000091
DP	0	469	0	0.000000	1	0.000091
DP	0	473	0	0.000000	1	0.000091
DP	0	476	0	0.000000	1	0.000091
DP	0	482	0	0.000000	1	0.000091
DP	0	483	0	0.000000	1	0.000091
DP	0	487	0	0.000000	1	0.000091
DP	0	488	0	0.000000	1	0.000091
DP	0	491	0	0.000000	1	0.000091
DP	0	494	0	0.000000	2	0.000181
DP	0	495	0	0.000000	1	0.000091
DP	0	496	0	0.000000	1	0.000091
DP	0	498	0	0.000000	1	0.000091
DP	0	500	0	0.000000	1	0.000091
DP	0	>500	0	0.000000	1103477	99.993657
