# This file was produced by bcftools stats (1.2+htslib-1.2.1) and can be plotted using plot-vcfstats.
# The command line was:	bcftools stats  data/gz/gnomad.genomes.r2.0.1.sites.22.vcf.gz
#
# Definition of sets:
# ID	[2]id	[3]tab-separated file names
ID	0	data/gz/gnomad.genomes.r2.0.1.sites.22.vcf.gz
# SN, Summary numbers:
# SN	[2]id	[3]key	[4]value
SN	0	number of samples:	0
SN	0	number of records:	3245659
SN	0	number of SNPs:	2949978
SN	0	number of MNPs:	0
SN	0	number of indels:	360756
SN	0	number of others:	0
SN	0	number of multiallelic sites:	206623
SN	0	number of multiallelic SNP sites:	102358
# TSTV, transitions/transversions:
# TSTV	[2]id	[3]ts	[4]tv	[5]ts/tv	[6]ts (1st ALT)	[7]tv (1st ALT)	[8]ts/tv (1st ALT)
TSTV	0	2046836	1012932	2.02	1986855	932126	2.13
# SiS, Singleton stats:
# SiS	[2]id	[3]allele count	[4]number of SNPs	[5]number of transitions	[6]number of transversions	[7]number of indels	[8]repeat-consistent	[9]repeat-inconsistent	[10]not applicable
SiS	0	1	1527476	996202	531274	173205	0	0	173205
# AF, Stats by non-reference allele frequency:
# AF	[2]id	[3]allele frequency	[4]number of SNPs	[5]number of transitions	[6]number of transversions	[7]number of indels	[8]repeat-consistent	[9]repeat-inconsistent	[10]not applicable
AF	0	0.000000	2857846	1909897	947949	425624	0	0	425624
AF	0	1.000000	44132	29806	14326	14010	0	0	14010
AF	0	2.000000	20709	13941	6768	7160	0	0	7160
AF	0	3.000000	12729	8515	4214	4667	0	0	4667
AF	0	4.000000	10422	7042	3380	3385	0	0	3385
AF	0	5.000000	7125	4798	2327	2743	0	0	2743
AF	0	6.000000	5671	3813	1858	2143	0	0	2143
AF	0	7.000000	5327	3625	1702	1840	0	0	1840
AF	0	8.000000	4293	2901	1392	1536	0	0	1536
AF	0	9.000000	3924	2719	1205	1344	0	0	1344
AF	0	10.000000	3637	2449	1188	1220	0	0	1220
AF	0	11.000000	3082	2118	964	1081	0	0	1081
AF	0	12.000000	2978	2001	977	1021	0	0	1021
AF	0	13.000000	2483	1674	809	855	0	0	855
AF	0	14.000000	2381	1636	745	846	0	0	846
AF	0	15.000000	2197	1442	755	750	0	0	750
AF	0	16.000000	2223	1508	715	754	0	0	754
AF	0	17.000000	2122	1436	686	713	0	0	713
AF	0	18.000000	2030	1384	646	635	0	0	635
AF	0	19.000000	2048	1352	696	629	0	0	629
AF	0	20.000000	1941	1306	635	581	0	0	581
AF	0	21.000000	1710	1143	567	526	0	0	526
AF	0	22.000000	1830	1247	583	514	0	0	514
AF	0	23.000000	1831	1260	571	488	0	0	488
AF	0	24.000000	1566	1061	505	489	0	0	489
AF	0	25.000000	1423	973	450	410	0	0	410
AF	0	26.000000	1613	1111	502	440	0	0	440
AF	0	27.000000	1384	933	451	429	0	0	429
AF	0	28.000000	1321	871	450	422	0	0	422
AF	0	29.000000	1421	953	468	412	0	0	412
AF	0	30.000000	1461	1020	441	409	0	0	409
AF	0	31.000000	1327	911	416	396	0	0	396
AF	0	32.000000	1193	796	397	333	0	0	333
AF	0	33.000000	1278	871	407	343	0	0	343
AF	0	34.000000	1161	785	376	299	0	0	299
AF	0	35.000000	1310	901	409	313	0	0	313
AF	0	36.000000	1258	843	415	316	0	0	316
AF	0	37.000000	1202	810	392	270	0	0	270
AF	0	38.000000	1194	798	396	297	0	0	297
AF	0	39.000000	1191	821	370	279	0	0	279
AF	0	40.000000	1360	948	412	284	0	0	284
AF	0	41.000000	1092	745	347	260	0	0	260
AF	0	42.000000	1053	714	339	213	0	0	213
AF	0	43.000000	958	641	317	231	0	0	231
AF	0	44.000000	959	673	286	241	0	0	241
AF	0	45.000000	912	608	304	219	0	0	219
AF	0	46.000000	847	582	265	230	0	0	230
AF	0	47.000000	951	652	299	190	0	0	190
AF	0	48.000000	1065	719	346	199	0	0	199
AF	0	49.000000	1025	719	306	227	0	0	227
AF	0	50.000000	852	576	276	192	0	0	192
AF	0	51.000000	727	487	240	170	0	0	170
AF	0	52.000000	671	459	212	181	0	0	181
AF	0	53.000000	720	510	210	171	0	0	171
AF	0	54.000000	612	416	196	144	0	0	144
AF	0	55.000000	646	451	195	142	0	0	142
AF	0	56.000000	570	400	170	130	0	0	130
AF	0	57.000000	578	426	152	131	0	0	131
AF	0	58.000000	657	413	244	148	0	0	148
AF	0	59.000000	673	472	201	122	0	0	122
AF	0	60.000000	650	452	198	134	0	0	134
AF	0	61.000000	650	453	197	117	0	0	117
AF	0	62.000000	596	420	176	140	0	0	140
AF	0	63.000000	502	355	147	113	0	0	113
AF	0	64.000000	553	403	150	114	0	0	114
AF	0	65.000000	580	414	166	103	0	0	103
AF	0	66.000000	523	366	157	97	0	0	97
AF	0	67.000000	554	379	175	105	0	0	105
AF	0	68.000000	459	331	128	81	0	0	81
AF	0	69.000000	524	386	138	98	0	0	98
AF	0	70.000000	701	473	228	98	0	0	98
AF	0	71.000000	425	291	134	53	0	0	53
AF	0	72.000000	413	306	107	80	0	0	80
AF	0	73.000000	435	305	130	76	0	0	76
AF	0	74.000000	388	284	104	76	0	0	76
AF	0	75.000000	441	317	124	73	0	0	73
AF	0	76.000000	403	278	125	65	0	0	65
AF	0	77.000000	365	260	105	58	0	0	58
AF	0	78.000000	437	304	133	59	0	0	59
AF	0	79.000000	359	258	101	44	0	0	44
AF	0	80.000000	429	303	126	59	0	0	59
AF	0	81.000000	394	282	112	54	0	0	54
AF	0	82.000000	396	275	121	60	0	0	60
AF	0	83.000000	530	380	150	62	0	0	62
AF	0	84.000000	424	289	135	47	0	0	47
AF	0	85.000000	339	230	109	33	0	0	33
AF	0	86.000000	382	272	110	56	0	0	56
AF	0	87.000000	319	224	95	29	0	0	29
AF	0	88.000000	287	203	84	21	0	0	21
AF	0	89.000000	285	200	85	38	0	0	38
AF	0	90.000000	355	252	103	32	0	0	32
AF	0	91.000000	321	228	93	31	0	0	31
AF	0	92.000000	201	136	65	35	0	0	35
AF	0	93.000000	174	115	59	20	0	0	20
AF	0	94.000000	203	142	61	22	0	0	22
AF	0	95.000000	205	149	56	29	0	0	29
AF	0	96.000000	243	156	87	28	0	0	28
AF	0	97.000000	308	216	92	31	0	0	31
AF	0	98.000000	713	468	245	199	0	0	199
AF	0	99.000000	400	199	201	233	0	0	233
# QUAL, Stats by quality:
# QUAL	[2]id	[3]Quality	[4]number of SNPs	[5]number of transitions (1st ALT)	[6]number of transversions (1st ALT)	[7]number of indels
QUAL	0	30	1370	867	503	134
QUAL	0	31	1168	713	455	115
QUAL	0	32	1225	719	506	114
QUAL	0	33	1436	850	586	203
QUAL	0	34	1264	769	495	116
QUAL	0	35	1275	763	512	107
QUAL	0	36	1563	945	618	188
QUAL	0	37	1275	767	508	107
QUAL	0	38	1273	751	522	123
QUAL	0	39	1482	892	590	180
QUAL	0	40	1323	779	544	122
QUAL	0	41	1309	794	515	130
QUAL	0	42	1436	850	586	171
QUAL	0	43	1291	796	495	120
QUAL	0	44	1301	802	499	119
QUAL	0	45	1469	866	603	173
QUAL	0	46	1342	834	508	119
QUAL	0	47	1311	788	523	127
QUAL	0	48	1455	892	563	166
QUAL	0	49	1225	737	488	99
QUAL	0	50	1267	763	504	97
QUAL	0	51	1481	932	549	182
QUAL	0	52	1351	831	520	132
QUAL	0	53	1392	859	533	133
QUAL	0	54	1491	938	553	175
QUAL	0	55	1343	821	522	145
QUAL	0	56	1390	850	540	116
QUAL	0	57	1426	881	545	143
QUAL	0	58	1300	804	496	133
QUAL	0	59	1393	839	554	113
QUAL	0	60	1436	902	534	164
QUAL	0	61	1437	885	552	117
QUAL	0	62	1387	883	504	121
QUAL	0	63	1525	966	559	175
QUAL	0	64	1424	882	542	124
QUAL	0	65	1451	908	543	108
QUAL	0	66	1563	972	591	200
QUAL	0	67	1359	836	523	118
QUAL	0	68	1381	833	548	114
QUAL	0	69	1525	964	561	135
QUAL	0	70	1374	866	508	124
QUAL	0	71	1507	933	574	123
QUAL	0	72	1489	952	537	136
QUAL	0	73	1454	914	540	119
QUAL	0	74	1556	960	596	139
QUAL	0	75	1506	931	575	165
QUAL	0	76	1509	936	573	128
QUAL	0	77	1596	1014	582	113
QUAL	0	78	1548	972	576	150
QUAL	0	79	1547	987	560	126
QUAL	0	80	1569	983	586	124
QUAL	0	81	1565	981	584	149
QUAL	0	82	1542	986	556	112
QUAL	0	83	1512	968	544	124
QUAL	0	84	1582	1028	554	156
QUAL	0	85	1571	992	579	146
QUAL	0	86	1629	1026	603	102
QUAL	0	87	1600	1010	590	140
QUAL	0	88	1589	997	592	145
QUAL	0	89	1577	995	582	111
QUAL	0	90	1670	1055	615	143
QUAL	0	91	1565	973	592	124
QUAL	0	92	1693	1067	626	120
QUAL	0	93	1655	1068	587	170
QUAL	0	94	1629	1042	587	132
QUAL	0	95	1766	1142	624	101
QUAL	0	96	1747	1100	647	151
QUAL	0	97	1705	1064	641	117
QUAL	0	98	1766	1154	612	100
QUAL	0	99	1797	1170	627	162
QUAL	0	100	1679	1076	603	105
QUAL	0	101	1767	1115	652	101
QUAL	0	102	1773	1147	626	149
QUAL	0	103	1749	1144	605	126
QUAL	0	104	1829	1162	667	137
QUAL	0	105	1811	1178	633	157
QUAL	0	106	1728	1121	607	122
QUAL	0	107	1775	1170	605	104
QUAL	0	108	1928	1248	680	147
QUAL	0	109	1859	1224	635	111
QUAL	0	110	1867	1197	670	116
QUAL	0	111	1995	1280	715	151
QUAL	0	112	1878	1218	660	109
QUAL	0	113	1890	1244	646	129
QUAL	0	114	2001	1328	673	151
QUAL	0	115	1918	1273	645	110
QUAL	0	116	1934	1304	630	106
QUAL	0	117	1983	1282	701	128
QUAL	0	118	1959	1298	661	116
QUAL	0	119	2010	1277	733	107
QUAL	0	120	1970	1279	691	154
QUAL	0	121	1988	1281	707	114
QUAL	0	122	2027	1346	681	124
QUAL	0	123	2135	1424	711	150
QUAL	0	124	2059	1362	697	113
QUAL	0	125	2021	1314	707	106
QUAL	0	126	2038	1327	711	161
QUAL	0	127	2148	1389	758	108
QUAL	0	128	2113	1352	761	110
QUAL	0	129	2164	1443	721	165
QUAL	0	130	2191	1448	743	108
QUAL	0	131	2116	1378	738	107
QUAL	0	132	2209	1428	781	153
QUAL	0	133	2130	1400	730	119
QUAL	0	134	2136	1395	741	101
QUAL	0	135	2218	1469	749	194
QUAL	0	136	2104	1376	728	118
QUAL	0	137	2326	1480	846	100
QUAL	0	138	2349	1505	844	154
QUAL	0	139	2180	1431	749	146
QUAL	0	140	2225	1484	740	117
QUAL	0	141	2274	1471	803	155
QUAL	0	142	2212	1444	768	116
QUAL	0	143	2339	1544	795	104
QUAL	0	144	2460	1639	820	177
QUAL	0	145	2410	1593	815	120
QUAL	0	146	2378	1553	825	114
QUAL	0	147	2450	1598	852	157
QUAL	0	148	2451	1613	837	133
QUAL	0	149	2409	1603	806	94
QUAL	0	150	2476	1608	867	164
QUAL	0	151	2428	1584	844	145
QUAL	0	152	2469	1618	851	105
QUAL	0	153	2602	1689	913	189
QUAL	0	154	2556	1692	863	129
QUAL	0	155	2515	1685	830	107
QUAL	0	156	2571	1684	887	183
QUAL	0	157	2498	1663	834	123
QUAL	0	158	2557	1671	885	122
QUAL	0	159	2654	1762	891	190
QUAL	0	160	2563	1643	920	119
QUAL	0	161	2603	1699	902	116
QUAL	0	162	2648	1734	913	176
QUAL	0	163	2614	1749	865	115
QUAL	0	164	2619	1672	945	137
QUAL	0	165	2712	1797	915	187
QUAL	0	166	2709	1844	865	123
QUAL	0	167	2702	1784	918	127
QUAL	0	168	2708	1803	905	199
QUAL	0	169	2727	1784	943	102
QUAL	0	170	2673	1799	874	126
QUAL	0	171	2965	1938	1027	161
QUAL	0	172	2751	1818	933	107
QUAL	0	173	2772	1865	907	114
QUAL	0	174	2901	1902	998	156
QUAL	0	175	2820	1885	934	136
QUAL	0	176	2854	1881	973	135
QUAL	0	177	2912	1947	965	175
QUAL	0	178	2961	1953	1007	141
QUAL	0	179	2796	1875	921	114
QUAL	0	180	2922	1956	966	184
QUAL	0	181	2889	1869	1020	143
QUAL	0	182	2869	1878	990	133
QUAL	0	183	2913	1927	985	205
QUAL	0	184	3010	2017	993	126
QUAL	0	185	2916	1888	1026	122
QUAL	0	186	2997	1996	1000	205
QUAL	0	187	3017	2008	1008	128
QUAL	0	188	2969	1955	1014	142
QUAL	0	189	3144	2075	1068	204
QUAL	0	190	3004	1984	1019	125
QUAL	0	191	2936	1940	995	138
QUAL	0	192	3104	2046	1057	234
QUAL	0	193	2948	1954	992	125
QUAL	0	194	3191	2085	1106	125
QUAL	0	195	3098	2070	1026	217
QUAL	0	196	3014	1990	1024	128
QUAL	0	197	3013	2015	998	122
QUAL	0	198	3043	2017	1026	238
QUAL	0	199	3174	2093	1080	140
QUAL	0	200	3119	2036	1083	119
QUAL	0	201	3214	2146	1068	234
QUAL	0	202	3059	2055	1003	137
QUAL	0	203	3167	2105	1062	128
QUAL	0	204	3189	2092	1097	236
QUAL	0	205	3281	2171	1109	108
QUAL	0	206	3182	2111	1071	137
QUAL	0	207	3304	2180	1124	215
QUAL	0	208	3273	2179	1093	140
QUAL	0	209	3122	2063	1059	128
QUAL	0	210	3306	2188	1118	207
QUAL	0	211	3236	2165	1071	132
QUAL	0	212	3233	2185	1046	160
QUAL	0	213	3308	2163	1144	223
QUAL	0	214	3184	2116	1067	137
QUAL	0	215	3265	2264	999	132
QUAL	0	216	3364	2229	1133	210
QUAL	0	217	3207	2140	1065	139
QUAL	0	218	3190	2108	1081	148
QUAL	0	219	3355	2240	1115	232
QUAL	0	220	3359	2217	1141	144
QUAL	0	221	3383	2252	1129	140
QUAL	0	222	3308	2235	1073	207
QUAL	0	223	3292	2147	1145	148
QUAL	0	224	3296	2183	1111	158
QUAL	0	225	3396	2275	1120	197
QUAL	0	226	3320	2228	1091	153
QUAL	0	227	3430	2342	1087	146
QUAL	0	228	3407	2293	1112	210
QUAL	0	229	3419	2264	1155	128
QUAL	0	230	3376	2230	1145	160
QUAL	0	231	3565	2372	1190	247
QUAL	0	232	3427	2244	1181	172
QUAL	0	233	3362	2236	1124	156
QUAL	0	234	3419	2247	1171	252
QUAL	0	235	3421	2241	1179	156
QUAL	0	236	3478	2292	1186	150
QUAL	0	237	3480	2293	1187	242
QUAL	0	238	3499	2358	1140	162
QUAL	0	239	3512	2364	1148	159
QUAL	0	240	3585	2383	1201	265
QUAL	0	241	3435	2314	1120	182
QUAL	0	242	3430	2307	1123	161
QUAL	0	243	3597	2406	1190	247
QUAL	0	244	3529	2361	1167	166
QUAL	0	245	3489	2346	1143	180
QUAL	0	246	3583	2358	1222	287
QUAL	0	247	3520	2428	1090	137
QUAL	0	248	3519	2358	1160	145
QUAL	0	249	3496	2308	1188	240
QUAL	0	250	3516	2358	1157	156
QUAL	0	251	3508	2294	1213	179
QUAL	0	252	3449	2276	1172	231
QUAL	0	253	3482	2384	1098	139
QUAL	0	254	3438	2277	1157	161
QUAL	0	255	3503	2304	1197	184
QUAL	0	256	3542	2332	1209	140
QUAL	0	257	3552	2349	1203	177
QUAL	0	258	3662	2487	1174	217
QUAL	0	259	3515	2346	1167	153
QUAL	0	260	3542	2349	1190	171
QUAL	0	261	3659	2452	1204	224
QUAL	0	262	3533	2372	1161	180
QUAL	0	263	3471	2344	1127	161
QUAL	0	264	3545	2370	1173	263
QUAL	0	265	3600	2414	1185	167
QUAL	0	266	3649	2456	1193	171
QUAL	0	267	3659	2462	1194	279
QUAL	0	268	3560	2389	1168	152
QUAL	0	269	3490	2361	1127	170
QUAL	0	270	3664	2437	1225	264
QUAL	0	271	3574	2361	1212	155
QUAL	0	272	3555	2386	1168	204
QUAL	0	273	3728	2423	1305	272
QUAL	0	274	3583	2376	1207	159
QUAL	0	275	3542	2385	1156	169
QUAL	0	276	3631	2424	1205	296
QUAL	0	277	3653	2488	1164	144
QUAL	0	278	3665	2453	1212	180
QUAL	0	279	3630	2452	1177	314
QUAL	0	280	3459	2366	1092	177
QUAL	0	281	3452	2284	1168	156
QUAL	0	282	3677	2425	1251	295
QUAL	0	283	3645	2487	1155	152
QUAL	0	284	3542	2406	1135	176
QUAL	0	285	3629	2463	1166	277
QUAL	0	286	3600	2394	1203	186
QUAL	0	287	3599	2373	1223	179
QUAL	0	288	3681	2438	1242	294
QUAL	0	289	3557	2394	1158	187
QUAL	0	290	3571	2381	1185	178
QUAL	0	291	3593	2375	1212	268
QUAL	0	292	3591	2380	1210	174
QUAL	0	293	3545	2396	1149	170
QUAL	0	294	3628	2412	1212	270
QUAL	0	295	3572	2380	1190	163
QUAL	0	296	3582	2363	1218	149
QUAL	0	297	3650	2444	1205	232
QUAL	0	298	3671	2468	1202	163
QUAL	0	299	3460	2331	1127	166
QUAL	0	300	3540	2398	1140	231
QUAL	0	301	3552	2428	1123	174
QUAL	0	302	3546	2354	1188	221
QUAL	0	303	3623	2445	1177	250
QUAL	0	304	3622	2391	1228	181
QUAL	0	305	3545	2403	1142	188
QUAL	0	306	3631	2446	1184	272
QUAL	0	307	3483	2326	1155	191
QUAL	0	308	3513	2360	1150	182
QUAL	0	309	3527	2373	1152	324
QUAL	0	310	3374	2286	1085	200
QUAL	0	311	3519	2414	1101	203
QUAL	0	312	3538	2323	1211	290
QUAL	0	313	3591	2425	1165	182
QUAL	0	314	3416	2306	1108	204
QUAL	0	315	3584	2325	1255	304
QUAL	0	316	3495	2376	1118	182
QUAL	0	317	3438	2304	1133	180
QUAL	0	318	3473	2313	1160	297
QUAL	0	319	3474	2315	1157	183
QUAL	0	320	3402	2238	1162	214
QUAL	0	321	3490	2360	1129	323
QUAL	0	322	3423	2335	1087	179
QUAL	0	323	3415	2316	1097	195
QUAL	0	324	3566	2439	1124	304
QUAL	0	325	3434	2335	1096	171
QUAL	0	326	3406	2293	1111	202
QUAL	0	327	3533	2337	1193	294
QUAL	0	328	3466	2348	1117	170
QUAL	0	329	3490	2395	1092	167
QUAL	0	330	3391	2285	1104	257
QUAL	0	331	3378	2286	1091	159
QUAL	0	332	3365	2282	1082	188
QUAL	0	333	3363	2246	1114	292
QUAL	0	334	3408	2260	1145	160
QUAL	0	335	3324	2326	998	184
QUAL	0	336	3473	2305	1163	292
QUAL	0	337	3349	2264	1084	173
QUAL	0	338	3360	2217	1142	165
QUAL	0	339	3334	2260	1074	261
QUAL	0	340	3421	2295	1122	153
QUAL	0	341	3393	2343	1048	214
QUAL	0	342	3294	2234	1059	297
QUAL	0	343	3219	2144	1072	193
QUAL	0	344	3300	2219	1078	176
QUAL	0	345	3367	2252	1113	272
QUAL	0	346	3272	2227	1044	198
QUAL	0	347	3277	2231	1044	184
QUAL	0	348	3275	2165	1106	285
QUAL	0	349	3137	2076	1057	186
QUAL	0	350	3283	2178	1104	198
QUAL	0	351	3254	2185	1069	307
QUAL	0	352	3234	2189	1041	164
QUAL	0	353	3319	2288	1029	200
QUAL	0	354	3356	2237	1118	295
QUAL	0	355	3182	2136	1038	185
QUAL	0	356	3119	2124	993	172
QUAL	0	357	3312	2239	1067	351
QUAL	0	358	3241	2198	1038	193
QUAL	0	359	3197	2186	1011	171
QUAL	0	360	3276	2199	1075	332
QUAL	0	361	3174	2143	1027	205
QUAL	0	362	3171	2148	1021	178
QUAL	0	363	3291	2236	1052	333
QUAL	0	364	3095	2065	1027	201
QUAL	0	365	3087	2089	995	185
QUAL	0	366	3243	2148	1093	323
QUAL	0	367	3074	2060	1009	187
QUAL	0	368	3107	2108	998	183
QUAL	0	369	3106	2111	993	338
QUAL	0	370	3107	2090	1017	148
QUAL	0	371	2959	2021	937	174
QUAL	0	372	3150	2086	1062	273
QUAL	0	373	3039	2075	962	193
QUAL	0	374	3032	2054	978	162
QUAL	0	375	3131	2110	1015	317
QUAL	0	376	3061	2091	965	179
QUAL	0	377	2974	2009	961	179
QUAL	0	378	3037	2050	983	293
QUAL	0	379	2979	1988	985	171
QUAL	0	380	3104	2115	984	176
QUAL	0	381	3120	2115	997	302
QUAL	0	382	2997	2014	981	216
QUAL	0	383	3028	2058	968	180
QUAL	0	384	2985	2026	958	304
QUAL	0	385	2791	1889	900	199
QUAL	0	386	2884	1957	918	177
QUAL	0	387	2996	2011	984	294
QUAL	0	388	2928	1969	956	191
QUAL	0	389	2964	1993	964	175
QUAL	0	390	2850	1921	928	280
QUAL	0	391	2852	1899	949	189
QUAL	0	392	2952	2003	946	162
QUAL	0	393	2947	1965	977	321
QUAL	0	394	2904	1972	930	169
QUAL	0	395	2966	2027	938	186
QUAL	0	396	2895	1989	905	363
QUAL	0	397	2928	2026	900	161
QUAL	0	398	2844	1889	952	173
QUAL	0	399	2895	1944	949	305
QUAL	0	400	2818	1862	954	188
QUAL	0	401	2859	1924	930	164
QUAL	0	402	2795	1865	928	328
QUAL	0	403	2834	1896	938	179
QUAL	0	404	2714	1834	876	183
QUAL	0	405	2806	1914	886	314
QUAL	0	406	2722	1864	855	198
QUAL	0	407	2748	1819	928	176
QUAL	0	408	2847	1933	911	308
QUAL	0	409	2720	1814	903	161
QUAL	0	410	2725	1858	866	176
QUAL	0	411	2735	1856	874	316
QUAL	0	412	2626	1804	820	173
QUAL	0	413	2741	1839	898	175
QUAL	0	414	2738	1851	882	323
QUAL	0	415	2684	1803	879	177
QUAL	0	416	2576	1702	871	182
QUAL	0	417	2742	1876	863	279
QUAL	0	418	2687	1774	910	180
QUAL	0	419	2662	1776	884	183
QUAL	0	420	2617	1737	879	291
QUAL	0	421	2501	1715	780	168
QUAL	0	422	2670	1840	823	175
QUAL	0	423	2670	1809	856	289
QUAL	0	424	2568	1760	805	174
QUAL	0	425	2635	1789	841	187
QUAL	0	426	2589	1701	884	272
QUAL	0	427	2524	1752	768	189
QUAL	0	428	2591	1765	821	177
QUAL	0	429	2497	1693	801	221
QUAL	0	430	2513	1677	834	146
QUAL	0	431	2550	1777	769	155
QUAL	0	432	2618	1780	836	274
QUAL	0	433	2612	1769	840	190
QUAL	0	434	2461	1692	764	194
QUAL	0	435	2680	1805	871	269
QUAL	0	436	2487	1686	798	159
QUAL	0	437	2431	1644	781	180
QUAL	0	438	2513	1718	794	334
QUAL	0	439	2540	1754	782	149
QUAL	0	440	2349	1609	736	189
QUAL	0	441	2477	1702	771	295
QUAL	0	442	2378	1588	789	189
QUAL	0	443	2430	1681	745	161
QUAL	0	444	2421	1680	737	327
QUAL	0	445	2367	1599	765	213
QUAL	0	446	2413	1609	801	159
QUAL	0	447	2404	1632	769	309
QUAL	0	448	2327	1549	773	195
QUAL	0	449	2301	1531	765	163
QUAL	0	450	2320	1555	764	305
QUAL	0	451	2377	1619	755	159
QUAL	0	452	2216	1492	719	196
QUAL	0	453	2287	1496	787	327
QUAL	0	454	2316	1567	743	173
QUAL	0	455	2296	1532	761	157
QUAL	0	456	2332	1587	741	248
QUAL	0	457	2289	1541	739	166
QUAL	0	458	2292	1582	706	157
QUAL	0	459	2349	1559	784	273
QUAL	0	460	2221	1533	681	165
QUAL	0	461	2245	1520	721	177
QUAL	0	462	2283	1532	749	277
QUAL	0	463	2153	1445	702	168
QUAL	0	464	2247	1526	716	158
QUAL	0	465	2230	1470	759	261
QUAL	0	466	2111	1417	689	170
QUAL	0	467	2145	1446	697	149
QUAL	0	468	2271	1514	753	260
QUAL	0	469	2139	1429	705	162
QUAL	0	470	2219	1503	712	154
QUAL	0	471	2149	1471	674	296
QUAL	0	472	2179	1483	691	210
QUAL	0	473	2131	1446	684	165
QUAL	0	474	2186	1483	700	287
QUAL	0	475	2161	1457	703	156
QUAL	0	476	2133	1442	685	153
QUAL	0	477	2122	1451	670	317
QUAL	0	478	2105	1452	652	177
QUAL	0	479	2105	1434	667	182
QUAL	0	480	2193	1469	718	279
QUAL	0	481	2045	1400	642	146
QUAL	0	482	2011	1352	656	194
QUAL	0	483	2047	1396	650	310
QUAL	0	484	2078	1424	650	163
QUAL	0	485	2048	1384	661	169
QUAL	0	486	2083	1420	661	303
QUAL	0	487	1976	1386	586	165
QUAL	0	488	1916	1318	594	161
QUAL	0	489	2071	1366	700	305
QUAL	0	490	1991	1381	609	156
QUAL	0	491	1878	1281	594	143
QUAL	0	492	1973	1332	637	263
QUAL	0	493	1913	1284	627	163
QUAL	0	494	1997	1373	619	152
QUAL	0	495	1949	1310	634	293
QUAL	0	496	1945	1317	625	152
QUAL	0	497	2035	1390	643	156
QUAL	0	498	1940	1290	646	255
QUAL	0	499	1878	1292	582	162
QUAL	0	500	1893	1308	577	150
QUAL	0	501	1978	1338	638	244
QUAL	0	502	1894	1287	602	145
QUAL	0	503	1783	1214	564	138
QUAL	0	504	1976	1368	604	254
QUAL	0	505	1863	1258	603	140
QUAL	0	506	1832	1246	580	161
QUAL	0	507	1841	1234	604	229
QUAL	0	508	1758	1209	548	141
QUAL	0	509	1860	1244	611	144
QUAL	0	510	1932	1283	644	225
QUAL	0	511	1882	1283	595	148
QUAL	0	512	1862	1236	623	155
QUAL	0	513	1809	1191	615	290
QUAL	0	514	1801	1204	591	144
QUAL	0	515	1770	1231	538	151
QUAL	0	516	1806	1213	588	265
QUAL	0	517	1780	1229	548	168
QUAL	0	518	1722	1142	577	137
QUAL	0	519	1754	1212	537	296
QUAL	0	520	1723	1151	564	156
QUAL	0	521	1823	1228	591	157
QUAL	0	522	1817	1232	582	303
QUAL	0	523	1755	1173	579	139
QUAL	0	524	1820	1245	572	157
QUAL	0	525	1787	1168	615	291
QUAL	0	526	1747	1199	545	142
QUAL	0	527	1667	1125	540	159
QUAL	0	528	1830	1235	592	281
QUAL	0	529	1737	1177	557	146
QUAL	0	530	1696	1160	532	144
QUAL	0	531	1754	1185	565	276
QUAL	0	532	1704	1150	550	149
QUAL	0	533	1675	1141	529	145
QUAL	0	534	1790	1228	559	250
QUAL	0	535	1574	1079	491	130
QUAL	0	536	1648	1122	524	141
QUAL	0	537	1704	1202	498	258
QUAL	0	538	1653	1108	541	148
QUAL	0	539	1612	1078	531	120
QUAL	0	540	1675	1088	583	237
QUAL	0	541	1632	1130	497	141
QUAL	0	542	1600	1095	502	159
QUAL	0	543	1636	1086	537	237
QUAL	0	544	1593	1110	475	145
QUAL	0	545	1619	1127	488	154
QUAL	0	546	1653	1106	543	254
QUAL	0	547	1605	1084	519	154
QUAL	0	548	1695	1166	525	152
QUAL	0	549	1629	1107	519	234
QUAL	0	550	1553	1089	458	140
QUAL	0	551	1552	1038	507	149
QUAL	0	552	1643	1103	535	230
QUAL	0	553	1579	1088	487	122
QUAL	0	554	1582	1069	504	137
QUAL	0	555	1588	1075	506	226
QUAL	0	556	1564	1053	508	150
QUAL	0	557	1574	1078	492	164
QUAL	0	558	1644	1127	510	235
QUAL	0	559	1484	1016	462	157
QUAL	0	560	1505	999	504	142
QUAL	0	561	1635	1107	528	266
QUAL	0	562	1540	1067	469	125
QUAL	0	563	1492	1004	486	139
QUAL	0	564	1483	1026	450	250
QUAL	0	565	1444	999	444	125
QUAL	0	566	1529	1056	472	156
QUAL	0	567	1544	1075	464	268
QUAL	0	568	1510	1043	464	139
QUAL	0	569	1456	992	460	156
QUAL	0	570	1470	982	486	270
QUAL	0	571	1457	975	475	128
QUAL	0	572	1481	1017	461	131
QUAL	0	573	1459	1003	452	254
QUAL	0	574	1436	939	494	126
QUAL	0	575	1469	1015	451	158
QUAL	0	576	1485	995	489	221
QUAL	0	577	1424	979	440	125
QUAL	0	578	1386	943	436	154
QUAL	0	579	1495	987	503	213
QUAL	0	580	1432	981	447	134
QUAL	0	581	1466	1025	439	108
QUAL	0	582	1518	1050	463	188
QUAL	0	583	1403	963	433	141
QUAL	0	584	1461	1023	436	159
QUAL	0	585	1349	921	421	189
QUAL	0	586	1428	968	455	132
QUAL	0	587	1411	958	451	131
QUAL	0	588	1423	1010	409	194
QUAL	0	589	1403	964	435	131
QUAL	0	590	1419	986	427	138
QUAL	0	591	1406	930	471	211
QUAL	0	592	1397	962	428	132
QUAL	0	593	1323	902	418	158
QUAL	0	594	1472	1009	459	182
QUAL	0	595	1323	909	407	135
QUAL	0	596	1311	914	392	126
QUAL	0	597	1398	971	423	208
QUAL	0	598	1402	946	454	130
QUAL	0	599	1345	936	404	141
QUAL	0	600	1480	995	481	232
QUAL	0	601	1322	876	441	112
QUAL	0	602	1357	922	428	126
QUAL	0	603	1363	928	430	236
QUAL	0	604	1285	853	422	148
QUAL	0	605	1303	900	400	118
QUAL	0	606	1286	865	416	208
QUAL	0	607	1340	912	421	157
QUAL	0	608	1286	875	405	141
QUAL	0	609	1290	875	409	231
QUAL	0	610	1345	902	438	120
QUAL	0	611	1301	884	411	134
QUAL	0	612	1324	917	402	190
QUAL	0	613	1249	843	398	138
QUAL	0	614	1250	839	405	125
QUAL	0	615	1354	921	428	217
QUAL	0	616	1304	887	414	125
QUAL	0	617	1245	874	365	131
QUAL	0	618	1370	934	431	179
QUAL	0	619	1248	849	394	114
QUAL	0	620	1278	893	383	141
QUAL	0	621	1293	881	410	183
QUAL	0	622	1320	890	425	123
QUAL	0	623	1283	875	401	135
QUAL	0	624	1280	848	427	197
QUAL	0	625	1193	828	360	124
QUAL	0	626	1258	851	404	136
QUAL	0	627	1253	855	396	168
QUAL	0	628	1254	884	367	116
QUAL	0	629	1223	826	391	130
QUAL	0	630	1183	806	372	209
QUAL	0	631	1231	849	381	114
QUAL	0	632	1245	855	388	151
QUAL	0	633	1263	868	391	196
QUAL	0	634	1209	826	380	110
QUAL	0	635	1153	758	391	135
QUAL	0	636	1226	842	380	198
QUAL	0	637	1212	830	377	120
QUAL	0	638	1195	837	351	125
QUAL	0	639	1163	807	350	219
QUAL	0	640	1162	792	362	109
QUAL	0	641	1183	818	361	143
QUAL	0	642	1184	815	366	195
QUAL	0	643	1138	763	370	116
QUAL	0	644	1185	811	368	117
QUAL	0	645	1211	799	405	185
QUAL	0	646	1191	806	379	120
QUAL	0	647	1186	797	385	127
QUAL	0	648	1190	802	382	208
QUAL	0	649	1071	741	330	113
QUAL	0	650	1179	850	324	126
QUAL	0	651	1261	874	383	200
QUAL	0	652	1131	793	332	123
QUAL	0	653	1122	781	338	126
QUAL	0	654	1226	840	380	196
QUAL	0	655	1165	784	377	121
QUAL	0	656	1174	810	362	115
QUAL	0	657	1151	790	356	201
QUAL	0	658	1140	757	381	108
QUAL	0	659	1075	745	325	121
QUAL	0	660	1155	796	350	176
QUAL	0	661	1186	837	343	115
QUAL	0	662	1080	748	332	123
QUAL	0	663	1179	806	369	165
QUAL	0	664	1164	791	368	110
QUAL	0	665	1108	737	362	110
QUAL	0	666	1124	756	366	167
QUAL	0	667	1070	734	331	116
QUAL	0	668	1111	741	365	132
QUAL	0	669	1172	780	388	163
QUAL	0	670	1151	776	371	112
QUAL	0	671	1125	744	373	109
QUAL	0	672	1104	755	344	174
QUAL	0	673	1100	756	339	108
QUAL	0	674	1082	772	307	111
QUAL	0	675	1092	764	324	169
QUAL	0	676	1100	738	360	119
QUAL	0	677	1092	736	350	119
QUAL	0	678	1040	714	316	173
QUAL	0	679	1074	722	344	94
QUAL	0	680	1109	752	350	114
QUAL	0	681	1104	764	336	156
QUAL	0	682	1083	710	366	95
QUAL	0	683	1003	709	292	122
QUAL	0	684	1146	785	355	156
QUAL	0	685	1077	734	337	100
QUAL	0	686	1101	743	355	117
QUAL	0	687	1107	778	324	174
QUAL	0	688	1088	727	355	120
QUAL	0	689	1133	781	345	96
QUAL	0	690	1139	796	341	167
QUAL	0	691	1059	724	327	120
QUAL	0	692	1046	717	324	125
QUAL	0	693	1050	711	337	145
QUAL	0	694	1039	705	329	103
QUAL	0	695	997	706	287	126
QUAL	0	696	1078	757	317	172
QUAL	0	697	1054	717	332	100
QUAL	0	698	1012	686	320	114
QUAL	0	699	1037	693	336	151
QUAL	0	700	976	645	327	95
QUAL	0	701	1004	696	305	131
QUAL	0	702	1022	709	309	151
QUAL	0	703	1083	741	337	96
QUAL	0	704	1020	711	303	108
QUAL	0	705	986	669	312	138
QUAL	0	706	988	690	297	99
QUAL	0	707	1007	702	297	110
QUAL	0	708	1022	673	343	140
QUAL	0	709	1038	708	325	96
QUAL	0	710	1032	728	302	106
QUAL	0	711	1025	697	326	115
QUAL	0	712	1014	702	304	103
QUAL	0	713	966	651	311	110
QUAL	0	714	1005	696	308	127
QUAL	0	715	983	661	317	106
QUAL	0	716	1020	715	302	108
QUAL	0	717	962	648	308	138
QUAL	0	718	998	715	278	99
QUAL	0	719	968	680	282	112
QUAL	0	720	941	648	289	149
QUAL	0	721	1003	720	273	91
QUAL	0	722	1032	711	314	122
QUAL	0	723	993	692	294	142
QUAL	0	724	982	661	313	109
QUAL	0	725	986	682	296	111
QUAL	0	726	1001	682	314	145
QUAL	0	727	1014	694	316	91
QUAL	0	728	964	660	295	96
QUAL	0	729	983	686	289	159
QUAL	0	730	947	660	285	104
QUAL	0	731	994	695	297	112
QUAL	0	732	974	662	309	142
QUAL	0	733	964	648	310	89
QUAL	0	734	969	686	281	97
QUAL	0	735	980	706	270	132
QUAL	0	736	977	674	301	70
QUAL	0	737	961	666	289	128
QUAL	0	738	999	661	328	171
QUAL	0	739	1017	723	289	98
QUAL	0	740	903	620	277	110
QUAL	0	741	950	653	295	124
QUAL	0	742	973	677	292	84
QUAL	0	743	1003	700	296	108
QUAL	0	744	963	665	292	116
QUAL	0	745	965	681	279	90
QUAL	0	746	954	654	296	112
QUAL	0	747	965	655	307	118
QUAL	0	748	921	647	274	86
QUAL	0	749	969	661	305	93
QUAL	0	750	947	631	311	136
QUAL	0	751	941	652	283	71
QUAL	0	752	970	656	308	98
QUAL	0	753	962	656	304	132
QUAL	0	754	867	608	251	103
QUAL	0	755	925	612	309	99
QUAL	0	756	915	635	274	140
QUAL	0	757	877	594	280	83
QUAL	0	758	934	640	291	93
QUAL	0	759	964	660	298	122
QUAL	0	760	968	673	290	88
QUAL	0	761	891	628	258	97
QUAL	0	762	934	661	266	132
QUAL	0	763	844	583	248	114
QUAL	0	764	884	620	260	107
QUAL	0	765	897	613	278	124
QUAL	0	766	941	642	296	80
QUAL	0	767	916	631	277	108
QUAL	0	768	861	598	259	125
QUAL	0	769	880	588	289	72
QUAL	0	770	883	631	245	83
QUAL	0	771	865	602	259	124
QUAL	0	772	845	588	250	88
QUAL	0	773	931	644	282	94
QUAL	0	774	850	570	275	109
QUAL	0	775	865	599	262	77
QUAL	0	776	837	582	251	93
QUAL	0	777	884	611	267	142
QUAL	0	778	812	541	263	87
QUAL	0	779	893	632	255	113
QUAL	0	780	879	605	270	133
QUAL	0	781	842	610	229	85
QUAL	0	782	817	579	232	103
QUAL	0	783	953	666	286	115
QUAL	0	784	872	620	248	71
QUAL	0	785	868	615	252	78
QUAL	0	786	874	632	235	110
QUAL	0	787	887	607	277	85
QUAL	0	788	844	597	240	99
QUAL	0	789	870	604	264	95
QUAL	0	790	794	541	248	66
QUAL	0	791	884	620	257	107
QUAL	0	792	815	563	247	89
QUAL	0	793	876	631	238	70
QUAL	0	794	887	642	243	97
QUAL	0	795	829	569	251	133
QUAL	0	796	820	562	254	80
QUAL	0	797	817	577	232	93
QUAL	0	798	871	610	253	100
QUAL	0	799	821	562	252	103
QUAL	0	800	849	598	242	90
QUAL	0	801	843	582	256	96
QUAL	0	802	827	608	209	80
QUAL	0	803	864	609	248	82
QUAL	0	804	822	549	264	111
QUAL	0	805	843	605	232	71
QUAL	0	806	811	559	245	126
QUAL	0	807	861	606	250	108
QUAL	0	808	811	555	247	84
QUAL	0	809	858	589	260	101
QUAL	0	810	859	589	262	111
QUAL	0	811	856	599	250	77
QUAL	0	812	866	618	239	96
QUAL	0	813	827	586	232	114
QUAL	0	814	799	536	257	67
QUAL	0	815	809	561	241	103
QUAL	0	816	837	577	253	102
QUAL	0	817	838	572	261	67
QUAL	0	818	753	525	224	93
QUAL	0	819	793	550	238	93
QUAL	0	820	849	615	226	92
QUAL	0	821	797	540	245	95
QUAL	0	822	815	552	258	138
QUAL	0	823	818	561	251	81
QUAL	0	824	772	533	235	95
QUAL	0	825	824	572	248	100
QUAL	0	826	803	555	241	83
QUAL	0	827	859	603	254	82
QUAL	0	828	829	588	237	108
QUAL	0	829	874	606	265	83
QUAL	0	830	850	593	246	90
QUAL	0	831	799	553	245	98
QUAL	0	832	802	564	233	54
QUAL	0	833	783	566	210	95
QUAL	0	834	777	540	233	121
QUAL	0	835	740	529	208	85
QUAL	0	836	761	508	249	82
QUAL	0	837	792	555	229	99
QUAL	0	838	743	511	231	76
QUAL	0	839	780	539	235	85
QUAL	0	840	776	554	214	95
QUAL	0	841	788	551	225	89
QUAL	0	842	793	535	255	90
QUAL	0	843	778	561	216	95
QUAL	0	844	804	567	233	79
QUAL	0	845	772	552	215	87
QUAL	0	846	805	560	240	95
QUAL	0	847	773	538	231	76
QUAL	0	848	789	554	232	83
QUAL	0	849	771	534	228	94
QUAL	0	850	739	519	209	77
QUAL	0	851	767	547	215	94
QUAL	0	852	736	502	227	90
QUAL	0	853	705	502	200	82
QUAL	0	854	732	514	212	100
QUAL	0	855	778	533	238	88
QUAL	0	856	741	504	235	65
QUAL	0	857	719	497	219	88
QUAL	0	858	731	500	230	96
QUAL	0	859	743	515	225	76
QUAL	0	860	747	533	209	95
QUAL	0	861	786	553	230	91
QUAL	0	862	798	566	223	77
QUAL	0	863	732	535	191	92
QUAL	0	864	682	468	213	90
QUAL	0	865	686	481	202	82
QUAL	0	866	720	488	229	91
QUAL	0	867	734	527	201	96
QUAL	0	868	730	515	212	47
QUAL	0	869	744	511	228	94
QUAL	0	870	658	458	196	86
QUAL	0	871	696	490	199	89
QUAL	0	872	737	502	228	88
QUAL	0	873	734	494	232	101
QUAL	0	874	726	493	225	68
QUAL	0	875	709	493	207	87
QUAL	0	876	705	501	203	81
QUAL	0	877	722	509	209	75
QUAL	0	878	737	518	214	83
QUAL	0	879	709	502	202	84
QUAL	0	880	699	505	189	71
QUAL	0	881	737	512	221	96
QUAL	0	882	752	528	219	92
QUAL	0	883	750	518	225	68
QUAL	0	884	664	467	189	75
QUAL	0	885	702	456	245	92
QUAL	0	886	687	505	178	73
QUAL	0	887	707	517	188	86
QUAL	0	888	709	502	201	95
QUAL	0	889	711	506	203	78
QUAL	0	890	698	472	217	95
QUAL	0	891	689	462	220	81
QUAL	0	892	669	466	195	71
QUAL	0	893	755	518	229	95
QUAL	0	894	692	494	191	74
QUAL	0	895	682	475	204	63
QUAL	0	896	712	488	220	85
QUAL	0	897	648	448	196	75
QUAL	0	898	692	490	195	80
QUAL	0	899	715	492	222	70
QUAL	0	900	675	469	199	95
QUAL	0	901	679	479	194	79
QUAL	0	902	698	481	211	85
QUAL	0	903	715	491	221	71
QUAL	0	904	646	455	184	58
QUAL	0	905	632	446	178	91
QUAL	0	906	696	466	228	76
QUAL	0	907	618	423	193	58
QUAL	0	908	657	471	183	74
QUAL	0	909	759	550	205	73
QUAL	0	910	704	500	202	55
QUAL	0	911	712	504	206	83
QUAL	0	912	742	506	228	82
QUAL	0	913	701	494	197	78
QUAL	0	914	657	455	200	86
QUAL	0	915	657	463	189	73
QUAL	0	916	678	475	201	65
QUAL	0	917	700	500	197	82
QUAL	0	918	724	492	227	81
QUAL	0	919	698	487	209	67
QUAL	0	920	633	434	198	82
QUAL	0	921	684	460	222	79
QUAL	0	922	682	473	204	70
QUAL	0	923	645	449	194	67
QUAL	0	924	601	424	174	83
QUAL	0	925	642	466	169	64
QUAL	0	926	630	436	189	65
QUAL	0	927	687	469	216	77
QUAL	0	928	664	475	184	54
QUAL	0	929	670	463	203	65
QUAL	0	930	692	478	206	95
QUAL	0	931	663	478	179	74
QUAL	0	932	631	457	171	73
QUAL	0	933	601	419	177	68
QUAL	0	934	646	436	200	79
QUAL	0	935	640	452	184	78
QUAL	0	936	644	423	218	64
QUAL	0	937	626	450	172	81
QUAL	0	938	633	453	178	71
QUAL	0	939	664	466	194	55
QUAL	0	940	592	403	183	58
QUAL	0	941	690	485	201	67
QUAL	0	942	638	422	207	92
QUAL	0	943	622	424	193	63
QUAL	0	944	616	427	182	84
QUAL	0	945	656	459	190	74
QUAL	0	946	624	456	165	65
QUAL	0	947	640	452	179	79
QUAL	0	948	628	431	193	84
QUAL	0	949	672	483	184	63
QUAL	0	950	636	436	197	87
QUAL	0	951	664	451	209	75
QUAL	0	952	628	448	179	59
QUAL	0	953	611	419	183	86
QUAL	0	954	632	433	193	72
QUAL	0	955	624	458	161	62
QUAL	0	956	652	451	196	77
QUAL	0	957	656	448	203	79
QUAL	0	958	644	461	179	56
QUAL	0	959	617	433	181	76
QUAL	0	960	646	452	193	62
QUAL	0	961	632	435	187	55
QUAL	0	962	611	440	166	79
QUAL	0	963	618	437	180	64
QUAL	0	964	604	418	179	64
QUAL	0	965	619	417	193	78
QUAL	0	966	621	419	193	66
QUAL	0	967	620	439	178	61
QUAL	0	968	605	418	181	79
QUAL	0	969	646	463	177	68
QUAL	0	970	612	425	180	61
QUAL	0	971	621	419	199	90
QUAL	0	972	615	420	190	70
QUAL	0	973	575	385	186	57
QUAL	0	974	596	415	179	84
QUAL	0	975	611	440	165	79
QUAL	0	976	589	395	192	58
QUAL	0	977	651	455	192	82
QUAL	0	978	623	416	201	82
QUAL	0	979	598	403	190	53
QUAL	0	980	637	440	194	76
QUAL	0	981	619	430	183	75
QUAL	0	982	643	432	207	56
QUAL	0	983	613	448	164	72
QUAL	0	984	618	442	171	61
QUAL	0	985	624	433	185	63
QUAL	0	986	611	434	172	75
QUAL	0	987	592	426	162	66
QUAL	0	988	565	390	172	65
QUAL	0	989	574	418	152	64
QUAL	0	990	510	370	138	71
QUAL	0	991	609	417	189	51
QUAL	0	992	542	371	163	71
QUAL	0	993	578	396	177	73
QUAL	0	994	595	430	165	52
QUAL	0	995	609	416	187	85
QUAL	0	996	568	414	150	54
QUAL	0	997	562	386	173	56
QUAL	0	998	1182837	799905	355123	217173
# IDD, InDel distribution:
# IDD	[2]id	[3]length (deletions negative)	[4]count
IDD	0	-60	5380
IDD	0	-59	99
IDD	0	-58	124
IDD	0	-57	157
IDD	0	-56	113
IDD	0	-55	79
IDD	0	-54	287
IDD	0	-53	112
IDD	0	-52	169
IDD	0	-51	143
IDD	0	-50	173
IDD	0	-49	167
IDD	0	-48	440
IDD	0	-47	167
IDD	0	-46	232
IDD	0	-45	226
IDD	0	-44	270
IDD	0	-43	198
IDD	0	-42	281
IDD	0	-41	250
IDD	0	-40	464
IDD	0	-39	331
IDD	0	-38	300
IDD	0	-37	322
IDD	0	-36	481
IDD	0	-35	313
IDD	0	-34	366
IDD	0	-33	355
IDD	0	-32	545
IDD	0	-31	352
IDD	0	-30	600
IDD	0	-29	458
IDD	0	-28	679
IDD	0	-27	968
IDD	0	-26	799
IDD	0	-25	705
IDD	0	-24	1144
IDD	0	-23	793
IDD	0	-22	990
IDD	0	-21	903
IDD	0	-20	1524
IDD	0	-19	1084
IDD	0	-18	1666
IDD	0	-17	1311
IDD	0	-16	2184
IDD	0	-15	1937
IDD	0	-14	2276
IDD	0	-13	2190
IDD	0	-12	4083
IDD	0	-11	2744
IDD	0	-10	4068
IDD	0	-9	4242
IDD	0	-8	6141
IDD	0	-7	5038
IDD	0	-6	8338
IDD	0	-5	11096
IDD	0	-4	30331
IDD	0	-3	30745
IDD	0	-2	52441
IDD	0	-1	92313
IDD	0	1	76050
IDD	0	2	31280
IDD	0	3	16279
IDD	0	4	16710
IDD	0	5	7538
IDD	0	6	7190
IDD	0	7	3924
IDD	0	8	5402
IDD	0	9	2930
IDD	0	10	2865
IDD	0	11	1753
IDD	0	12	2868
IDD	0	13	1374
IDD	0	14	1428
IDD	0	15	1349
IDD	0	16	1686
IDD	0	17	916
IDD	0	18	1316
IDD	0	19	838
IDD	0	20	1282
IDD	0	21	805
IDD	0	22	824
IDD	0	23	664
IDD	0	24	1003
IDD	0	25	644
IDD	0	26	650
IDD	0	27	603
IDD	0	28	534
IDD	0	29	399
IDD	0	30	538
IDD	0	31	336
IDD	0	32	496
IDD	0	33	322
IDD	0	34	337
IDD	0	35	316
IDD	0	36	367
IDD	0	37	219
IDD	0	38	253
IDD	0	39	237
IDD	0	40	365
IDD	0	41	204
IDD	0	42	231
IDD	0	43	206
IDD	0	44	239
IDD	0	45	219
IDD	0	46	217
IDD	0	47	119
IDD	0	48	286
IDD	0	49	161
IDD	0	50	173
IDD	0	51	135
IDD	0	52	180
IDD	0	53	131
IDD	0	54	192
IDD	0	55	104
IDD	0	56	115
IDD	0	57	110
IDD	0	58	119
IDD	0	59	88
IDD	0	60	2844
# ST, Substitution types:
# ST	[2]id	[3]type	[4]count
ST	0	A>C	103509
ST	0	A>G	343948
ST	0	A>T	93831
ST	0	C>A	154447
ST	0	C>G	155486
ST	0	C>T	677057
ST	0	G>A	681238
ST	0	G>C	155755
ST	0	G>T	158782
ST	0	T>A	90507
ST	0	T>C	344593
ST	0	T>G	100615
# DP, Depth distribution
# DP	[2]id	[3]bin	[4]number of genotypes	[5]fraction of genotypes (%)	[6]number of sites	[7]fraction of sites (%)
DP	0	11	0	0.000000	1	0.000031
DP	0	12	0	0.000000	1	0.000031
DP	0	22	0	0.000000	1	0.000031
DP	0	30	0	0.000000	1	0.000031
DP	0	86	0	0.000000	1	0.000031
DP	0	92	0	0.000000	1	0.000031
DP	0	131	0	0.000000	1	0.000031
DP	0	134	0	0.000000	1	0.000031
DP	0	138	0	0.000000	1	0.000031
DP	0	140	0	0.000000	1	0.000031
DP	0	142	0	0.000000	2	0.000062
DP	0	156	0	0.000000	1	0.000031
DP	0	193	0	0.000000	1	0.000031
DP	0	213	0	0.000000	1	0.000031
DP	0	218	0	0.000000	1	0.000031
DP	0	227	0	0.000000	1	0.000031
DP	0	242	0	0.000000	1	0.000031
DP	0	252	0	0.000000	1	0.000031
DP	0	262	0	0.000000	1	0.000031
DP	0	307	0	0.000000	1	0.000031
DP	0	310	0	0.000000	1	0.000031
DP	0	313	0	0.000000	1	0.000031
DP	0	325	0	0.000000	1	0.000031
DP	0	333	0	0.000000	1	0.000031
DP	0	344	0	0.000000	1	0.000031
DP	0	349	0	0.000000	1	0.000031
DP	0	361	0	0.000000	1	0.000031
DP	0	364	0	0.000000	1	0.000031
DP	0	415	0	0.000000	1	0.000031
DP	0	417	0	0.000000	1	0.000031
DP	0	418	0	0.000000	1	0.000031
DP	0	436	0	0.000000	1	0.000031
DP	0	437	0	0.000000	1	0.000031
DP	0	443	0	0.000000	1	0.000031
DP	0	451	0	0.000000	1	0.000031
DP	0	463	0	0.000000	1	0.000031
DP	0	466	0	0.000000	1	0.000031
DP	0	468	0	0.000000	1	0.000031
DP	0	482	0	0.000000	1	0.000031
DP	0	494	0	0.000000	1	0.000031
DP	0	498	0	0.000000	1	0.000031
DP	0	>500	0	0.000000	3245617	99.998706
